86.3001576
4.3501056,0.8001
4.5000672,0.8001
4.5000672,1.0000488
4.3501056,1.0000488
4.3501056,0.8001

82.61725919999999
4.3501056,0.8001
4.5000672,0.8001
4.5000672,1.0000488
4.3501056,1.0000488
4.3501056,0.8001

78.07177680000001
4.4000928,0.8001
4.5000672,0.8001
4.5000672,1.0000488
4.4000928,1.0000488
4.4000928,0.8001

73.5259896
4.4000928,0.8001
4.5000672,0.8001
4.5000672,1.0000488
4.4000928,1.0000488
4.4000928,0.8001

68.9802024
4.4000928,0.8001
4.5000672,0.8001
4.5000672,1.0000488
4.4000928,1.0000488
4.4000928,0.8001

64.43472
4.4000928,0.8001
4.5000672,0.8001
4.5000672,1.0000488
4.4000928,1.0000488
4.4000928,0.8001

59.8889328
4.4000928,0.8001
4.5000672,0.8001
4.5000672,1.0000488
4.4000928,1.0000488
4.4000928,0.8001

57.499910400000005
4.4000928,0.8001
4.5000672,0.8001
4.5000672,1.0000488
4.4000928,1.0000488
4.4000928,0.8001

