54.999940800000005
5.710123200000001,0.7900416
5.8299096,0.7900416
5.8299096,1.0101072
5.710123200000001,1.0101072
5.710123200000001,0.7900416

50.7976632
5.710123200000001,0.7900416
5.8299096,0.7900416
5.8299096,1.0101072
5.710123200000001,1.0101072
5.710123200000001,0.7900416

46.251876
5.710123200000001,0.7900416
5.8299096,0.7900416
5.8299096,1.0101072
5.710123200000001,1.0101072
5.710123200000001,0.7900416

41.7063936
5.710123200000001,0.7900416
5.8299096,0.7900416
5.8299096,1.0101072
5.710123200000001,1.0101072
5.710123200000001,0.7900416

37.160606400000006
5.710123200000001,0.7900416
5.8299096,0.7900416
5.8299096,1.0101072
5.710123200000001,1.0101072
5.710123200000001,0.7900416

32.61481920000001
5.710123200000001,0.7900416
5.8299096,0.7900416
5.8299096,1.0101072
5.710123200000001,1.0101072
5.710123200000001,0.7900416

30.999988800000004
5.710123200000001,0.7900416
5.8299096,0.7900416
5.8299096,1.0101072
5.710123200000001,1.0101072
5.710123200000001,0.7900416

