71.2000608
5.700064800000001,0.8001
5.8000392000000005,0.8001
5.8000392000000005,1.0000488
5.700064800000001,1.0000488
5.700064800000001,0.8001

68.9802024
5.700064800000001,0.8001
5.8000392000000005,0.8001
5.8000392000000005,1.0000488
5.700064800000001,1.0000488
5.700064800000001,0.8001

64.43472
5.700064800000001,0.8001
5.8000392000000005,0.8001
5.8000392000000005,1.0000488
5.700064800000001,1.0000488
5.700064800000001,0.8001

59.8889328
5.700064800000001,0.8001
5.8000392000000005,0.8001
5.8000392000000005,1.0000488
5.700064800000001,1.0000488
5.700064800000001,0.8001

55.3434504
5.700064800000001,0.8001
5.8000392000000005,0.8001
5.8000392000000005,1.0000488
5.700064800000001,1.0000488
5.700064800000001,0.8001

50.7976632
5.700064800000001,0.8001
5.8000392000000005,0.8001
5.8000392000000005,1.0000488
5.700064800000001,1.0000488
5.700064800000001,0.8001

46.251876
5.700064800000001,0.8001
5.8000392000000005,0.8001
5.8000392000000005,1.0000488
5.700064800000001,1.0000488
5.700064800000001,0.8001

41.7063936
5.700064800000001,0.8001
5.8000392000000005,0.8001
5.8000392000000005,1.0000488
5.700064800000001,1.0000488
5.700064800000001,0.8001

41.1001464
5.700064800000001,0.8001
5.8000392000000005,0.8001
5.8000392000000005,1.0000488
5.700064800000001,1.0000488
5.700064800000001,0.8001

