101.2999752
2.3000208,0.8001
2.3999952,0.8001
2.3999952,1.050036
2.3000208,1.050036
2.3000208,0.8001

101.20548720000001
2.3000208,0.8001
2.3999952,0.8001
2.3999952,1.050036
2.3000208,1.050036
2.3000208,0.8001

100.8223536
2.3000208,0.8001
2.3999952,0.8001
2.3999952,1.050036
2.3000208,1.050036
2.3000208,0.8001

100.43891520000001
2.3000208,0.8001
2.3999952,0.8001
2.3999952,1.050036
2.3000208,1.050036
2.3000208,0.8001

100.0557816
2.3000208,0.8001
2.3999952,0.8001
2.3999952,1.050036
2.3000208,1.050036
2.3000208,0.8001

99.67234320000001
2.3000208,0.8001
2.3999952,0.8001
2.3999952,1.050036
2.3000208,1.050036
2.3000208,0.8001

99.290124
2.3000208,0.8001
2.3999952,0.8001
2.3999952,1.050036
2.3000208,1.050036
2.3000208,0.8001

99.2892096
2.3000208,0.8001
2.3999952,0.8001
2.3999952,1.050036
2.3000208,1.050036
2.3000208,0.8001

99.2889048
2.3000208,0.8001
2.3999952,0.8001
2.3999952,1.050036
2.3000208,1.050036
2.3000208,0.8001

98.89418880000001
2.3000208,0.8001
2.3999952,0.8001
2.3999952,1.050036
2.3000208,1.050036
2.3000208,0.8001

96.254316
2.3000208,0.8001
2.3999952,0.8001
2.3999952,1.050036
2.3000208,1.050036
2.3000208,0.8001

91.7088336
2.3000208,0.8001
2.3999952,0.8001
2.3999952,1.050036
2.3000208,1.050036
2.3000208,0.8001

87.16304640000001
2.3000208,0.8001
2.3999952,0.8001
2.3999952,1.050036
2.3000208,1.050036
2.3000208,0.8001

82.61725919999999
2.3000208,0.8001
2.3999952,0.8001
2.3999952,1.050036
2.3000208,1.050036
2.3000208,0.8001

78.07177680000001
2.3000208,0.8001
2.3999952,0.8001
2.3999952,1.050036
2.3000208,1.050036
2.3000208,0.8001

76.0000512
2.3000208,0.8001
2.3999952,0.8001
2.3999952,1.050036
2.3000208,1.050036
2.3000208,0.8001

