41.799967200000005
3.6999672,0.7598664
3.7999416000000004,0.7598664
3.7999416000000004,1.0399776
3.6999672,1.0399776
3.6999672,0.7598664

41.7063936
3.6999672,0.7598664
3.7999416000000004,0.7598664
3.7999416000000004,1.0399776
3.6999672,1.0399776
3.6999672,0.7598664

37.160606400000006
3.6999672,0.7598664
3.7999416000000004,0.7598664
3.7999416000000004,1.0399776
3.6999672,1.0399776
3.6999672,0.7598664

32.61481920000001
3.6999672,0.7598664
3.7999416000000004,0.7598664
3.7999416000000004,1.0399776
3.6999672,1.0399776
3.6999672,0.7598664

28.0693368
3.6999672,0.7598664
3.7999416000000004,0.7598664
3.7999416000000004,1.0399776
3.6999672,1.0399776
3.6999672,0.7598664

23.526292800000004
3.6999672,0.7598664
3.7999416000000004,0.7598664
3.7999416000000004,1.0399776
3.6999672,1.0399776
3.6999672,0.7598664

23.5232448
3.6999672,0.7598664
3.7999416000000004,0.7598664
3.7999416000000004,1.0399776
3.6999672,1.0399776
3.6999672,0.7598664

23.520501600000003
3.6999672,0.7598664
3.7999416000000004,0.7598664
3.7999416000000004,1.0399776
3.6999672,1.0399776
3.6999672,0.7598664

22.8319584
3.6999672,0.7598664
3.7999416000000004,0.7598664
3.7999416000000004,1.0399776
3.6999672,1.0399776
3.6999672,0.7598664

22.1403672
3.6999672,0.7598664
3.7999416000000004,0.7598664
3.7999416000000004,1.0399776
3.6999672,1.0399776
3.6999672,0.7598664

21.4490808
3.6999672,0.7598664
3.7999416000000004,0.7598664
3.7999416000000004,1.0399776
3.6999672,1.0399776
3.6999672,0.7598664

20.757794399999998
3.6999672,0.7598664
3.7999416000000004,0.7598664
3.7999416000000004,1.0399776
3.6999672,1.0399776
3.6999672,0.7598664

20.0662032
3.6999672,0.7598664
3.7999416000000004,0.7598664
3.7999416000000004,1.0399776
3.6999672,1.0399776
3.6999672,0.7598664

20.000061600000002
3.6999672,0.7598664
3.7999416000000004,0.7598664
3.7999416000000004,1.0399776
3.6999672,1.0399776
3.6999672,0.7598664

