105.50011920000001
0.8001,11.8146576
0.8001,9.0001344
2.0000976,9.0001344
2.0000976,11.810695200000001
0.8001,11.8146576

105.4217856
0.8001,11.814048
0.8001,9.0001344
2.0000976,9.0001344
2.0000976,11.814048
0.8001,11.814048

105.0383472
0.8001,11.799417600000002
0.8001,9.0001344
2.0000976,9.0001344
2.0000976,11.799417600000002
0.8001,11.799417600000002

104.65521360000001
0.8001,11.7860064
0.8001,9.0001344
2.0000976,9.0001344
2.0000976,11.7860064
0.8001,11.7860064

104.30012160000001
0.8001,11.7716808
0.8001,9.0001344
2.0000976,9.0001344
2.0000976,11.767413600000001
0.8001,11.7716808

