15.2000712
0.499872,0.00030480000000000004
1.8821400000000001,0.0015240000000000002
2.1125688,0.0140208
2.4301704,0.054864
2.6874216,0.10454640000000001
2.955036,0.1770888
2.9596080000000002,0.1792224
3.0803088,0.2212848
3.0845759999999998,0.22341840000000002
3.1985712,0.2706624
3.2022288000000003,0.27310080000000003
3.3079944,0.32552640000000005
3.311652,0.3282696
3.407664,0.38557199999999997
3.4972752000000003,0.4501896
3.576828,0.5193792
3.6466272,0.5919216
3.7057584,0.6647688
3.7603176,0.7431024
3.8087808000000005,0.8232648
3.8929056,0.9869424
3.9843456,1.1999976
0.499872,1.1999976
0.499872,0.00030480000000000004

15.152217600000002
0.499872,0.00030480000000000004
1.869948,0.0015240000000000002
2.0994624,0.0140208
2.4167592,0.055168800000000004
2.6740104000000002,0.10485119999999999
2.936748,0.1758696
3.0751272000000003,0.225552
3.0870144,0.23134320000000003
3.19278,0.27523440000000005
3.2037527999999997,0.28194
3.3018984000000002,0.330708
3.311652,0.33771840000000003
3.4009584,0.3910584
3.4094928,0.39867840000000004
3.4896552,0.4559808
3.4972752000000003,0.4642104
3.5685984000000004,0.52578
3.5753040000000005,0.5340096
3.6380928000000003,0.5986272
3.6929568,0.6662928
3.747516,0.7449312
3.7959792000000006,0.8250936
3.880104,0.9887712000000001
3.9697152,1.1999976
0.499872,1.1999976
0.499872,0.00030480000000000004

15.012314400000001
0.499872,0.00030480000000000004
1.8342864,0.0015240000000000002
2.0613624,0.0140208
2.37744,0.0554736
2.6343864000000004,0.1054608
2.8974288,0.1770888
2.9364432000000003,0.19110960000000002
2.9733240000000003,0.20695920000000004
3.0598872,0.23713440000000002
3.0943296,0.254508
3.176016,0.2886456
3.2074104,0.30754319999999996
3.2833056000000003,0.34533840000000005
3.311652,0.3660648
3.3805368,0.40721280000000004
3.4055304000000004,0.4291584
3.4677096000000005,0.47365920000000006
3.4896552,0.496824
3.544824,0.5443728
3.5640264,0.5684520000000001
3.6124896000000004,0.6184392
3.6548568,0.6708648
3.7097208,0.749808
3.7581840000000004,0.8302752000000001
3.8416992,0.9945624000000001
3.9264336,1.1999976
0.499872,1.1999976
0.499872,0.00030480000000000004

14.789810400000002
0.499872,0.00030480000000000004
1.7775936,0.0015240000000000002
2.0004024,0.0143256
2.314956,0.0557784
2.5715976,0.10668
2.8346400000000003,0.1789176
2.9141928,0.20756880000000003
2.9894784000000003,0.23987760000000002
3.0358080000000003,0.256032
3.1056072,0.2913888
3.1494984,0.30967680000000003
3.2135064,0.3486912
3.2540448000000004,0.368808
3.3113472000000006,0.4108704
3.348228,0.432816
3.3994344000000005,0.47762160000000004
3.4323528,0.5013960000000001
3.4771584,0.54864
3.5067240000000006,0.5739384000000001
3.5460432,0.623316
3.5719512,0.6501384
3.5945063999999998,0.6778752000000001
3.6493704000000005,0.7577328000000001
3.6978336,0.8388095999999999
3.781044,1.0040112
3.8584632000000005,1.1999976
0.499872,1.1999976
0.499872,0.00030480000000000004

14.499945600000002
0.499872,0.00030480000000000004
1.700784,0.0015240000000000002
1.930908,0.0155448
2.2396704,0.057607200000000004
2.2527768,0.06096000000000001
2.4960072,0.109728
2.7526488000000002,0.181356
2.884932,0.2292096
2.8904184,0.2322576
3.0034992,0.28072080000000005
3.0086808000000005,0.28376880000000004
3.1141416000000004,0.33741360000000004
3.1187136,0.3407664
3.2147256000000004,0.3995928
3.2189928,0.4032504
3.3052512,0.46634400000000004
3.3089088,0.4703064
3.3857184000000005,0.5376672
3.3887664,0.5416296
3.4561272000000005,0.6129528000000001
3.5180016000000003,0.6912864
3.5701224,0.7674864
3.6210240000000002,0.8537448000000001
3.6996624000000002,1.0116312
3.7743384,1.1999976
0.499872,1.1999976
0.499872,0.00030480000000000004

14.1622272
0.499872,0.00030480000000000004
1.586484,0.0009144000000000001
1.6919448000000001,0.004876800000000001
1.8348959999999999,0.021640799999999998
1.93548,0.027432
2.0625816,0.050292
2.2067520000000003,0.06949440000000001
2.4649176,0.1274064
2.6560272000000005,0.18288000000000001
2.7236928000000002,0.20787360000000002
2.787396,0.23622
2.8456128,0.2572512
2.9053536,0.2886456
2.9602176,0.31211520000000004
3.0150816,0.34625279999999997
3.0659832,0.3724656
3.1153608000000004,0.4093464
3.1619952000000002,0.43799760000000004
3.2058864000000002,0.47731680000000004
3.2476439999999998,0.5077968
3.2863536,0.5495544
3.3235392000000004,0.582168
3.3573720000000002,0.6254496
3.3899856,0.659892
3.4198560000000002,0.7043928
3.4485072000000003,0.7403592
3.4738056000000004,0.7775448
3.5225736000000003,0.8601456000000001
3.5841432,0.9823704
3.6734496,1.1999976
0.499872,1.1999976
0.499872,0.00030480000000000004

13.800124800000003
0.499872,0.00030480000000000004
1.4691360000000002,0.0006096000000000001
1.6632936,0.0079248
1.9281648,0.038709600000000004
2.1637752000000003,0.08077200000000001
2.4228552,0.1441704
2.5600152,0.1877568
2.5673304000000003,0.19110960000000002
2.6846784,0.23439120000000002
2.691384,0.23804880000000003
2.802636,0.2874264
2.8090368,0.2913888
2.9126688,0.34594800000000003
2.9181552,0.35052
3.0132528,0.409956
3.0184344000000003,0.4148328
3.1040832,0.47914560000000006
3.1086552000000003,0.4840224000000001
3.1845504000000004,0.5526024
3.1885128000000003,0.5577840000000001
3.255264,0.6300216000000001
3.317748,0.7104888
3.320796,0.7159752000000001
3.372612,0.7927848000000001
3.418332,0.8714232000000001
3.4643568,0.9613392000000001
3.5640264,1.1987784
3.5643312000000003,1.1999976
0.499872,1.1999976
0.499872,0.00030480000000000004

13.437717600000001
0.499872,0.00030480000000000004
1.389888,0.0006096000000000001
1.5761208000000002,0.007620000000000001
1.8336768,0.0384048
2.06502,0.08016240000000001
2.319528,0.1438656
2.3935944,0.16794480000000003
2.4652224,0.19537680000000002
2.5188672,0.2121408
2.5871424,0.24353520000000003
2.6386536,0.2624328
2.7026616000000003,0.2974848
2.7514296,0.3191256
2.8102560000000003,0.3572256
2.855976,0.3813048
2.9090112,0.4224528
2.9507688,0.44897040000000005
2.9983176,0.4928616
3.0361128,0.521208
3.0781752,0.5675376000000001
3.1117032,0.5977128
3.148584,0.6458712000000001
3.1781496000000002,0.6778752000000001
3.2107632000000006,0.7272528
3.2366712,0.760476
3.2656272000000004,0.810768
3.2884872,0.8446008
3.3086040000000003,0.879348
3.37566,1.0155936
3.4500312000000006,1.1999976
0.499872,1.1999976
0.499872,0.00030480000000000004

13.099999200000001
0.499872,0.00030480000000000004
1.3170408,0.0006096000000000001
1.4956536,0.007620000000000001
1.7461992000000002,0.0381
1.9729704000000001,0.0795528
2.2232112,0.143256
2.357628,0.1877568
2.3661624,0.1917192
2.4789383999999997,0.2350008
2.487168,0.23957280000000003
2.5947624,0.2889504
2.6020776000000003,0.294132
2.7023568,0.34899600000000003
2.7090624,0.35448240000000003
2.8014168,0.4142232
2.8075128,0.4200144
2.8913328000000003,0.48524160000000005
2.8965144,0.49133760000000004
2.9711904,0.5605272
2.9760672,0.5669280000000001
3.0422088,0.6400800000000001
3.0464759999999997,0.6464808000000001
3.1049976,0.722376
3.1086552000000003,0.7287768
3.1601664,0.8071104000000001
3.2058864000000002,0.8860536000000001
3.2897064,1.05918
3.3433512,1.1999976
0.499872,1.1999976
0.499872,0.00030480000000000004

12.8101344
0.499872,0.00030480000000000004
1.2576048000000002,0.0006096000000000001
1.4301216,0.007620000000000001
1.6739616000000002,0.0374904
1.8952464,0.07863840000000001
2.1406104,0.14173200000000002
2.2003512,0.16184880000000001
2.2582632,0.1853184
2.3219664000000004,0.20604480000000003
2.37744,0.2325624
2.4393144,0.25633680000000003
2.4914352,0.2862072
2.5502616000000002,0.31302959999999996
2.5984200000000004,0.3456432
2.653284,0.37581840000000005
2.6971752,0.4111752
2.7477720000000003,0.44409360000000003
2.787396,0.4818888
2.833116,0.5175504
2.8684728,0.5574792000000001
2.909316,0.5952744000000001
2.9407104,0.637032
2.9769816,0.6769608
3.0047184000000002,0.7196328000000001
3.0367224,0.7607808
3.0614112,0.8040624
3.0897576000000004,0.8467344
3.1147512,0.890016
3.198876,1.0646664000000001
3.2509968000000002,1.1999976
0.499872,1.1999976
0.499872,0.00030480000000000004

12.587630400000002
0.499872,0.00030480000000000004
1.2121896,0.0006096000000000001
1.3795248,0.007620000000000001
1.618488,0.0368808
1.8355056,0.077724
2.0772120000000003,0.14051280000000002
2.1756624,0.1740408
2.2713696000000003,0.21244559999999998
2.2945344,0.2200656
2.3862792,0.2639568
2.4085296,0.27249120000000004
2.4947880000000002,0.321564
2.5161240000000005,0.33162240000000004
2.5956768,0.38557199999999997
2.6154888,0.3965448
2.688336,0.45476160000000004
2.7066240000000006,0.4666488
2.7718512,0.5291328000000001
2.7883104,0.5422392
2.846832,0.6080760000000001
2.8617672,0.621792
2.9135831999999997,0.6906768000000001
2.9266896000000004,0.7050024000000001
2.9727144,0.7754112000000001
2.9842968,0.7906512
3.0446472000000004,0.8930640000000001
3.1293816,1.0686288
3.1799784,1.1999976
0.499872,1.1999976
0.499872,0.00030480000000000004

12.447727200000001
0.499872,0.00030480000000000004
1.1838432,0.0006096000000000001
1.3481304,0.007620000000000001
1.5873984,0.0371856
1.589532,0.0377952
1.8004536000000002,0.077724
2.0394168,0.14051280000000002
2.1619464,0.1825752
2.2771608000000003,0.22890480000000002
2.2789896,0.23012400000000002
2.3890224,0.2825496
2.3908512,0.28407360000000004
2.4960072,0.344424
2.5917144000000003,0.4093464
2.5929336,0.4108704
2.6804112000000004,0.4812792
2.7611832,0.559308
2.8315919999999997,0.6385560000000001
2.8325063999999998,0.6403848
2.8959048,0.7245096
2.9510736000000004,0.809244
3.0004512,0.8948928
3.0854904,1.0710671999999999
3.1351728,1.1999976
0.499872,1.1999976
0.499872,0.00030480000000000004

12.399873600000001
0.499872,0.00030480000000000004
1.1743944000000002,0.0006096000000000001
1.3377672,0.007620000000000001
1.5721584000000002,0.036576
1.7955768,0.07924800000000001
1.8153888000000002,0.08564880000000001
2.0336256,0.1429512
2.0433792,0.1472184
2.1534120000000003,0.184404
2.1628608000000002,0.1892808
2.2701504000000003,0.2322576
2.2789896,0.237744
2.3810976000000004,0.286512
2.389632,0.2923032
2.4856439999999997,0.347472
2.493264,0.35387280000000004
2.5822656,0.4142232
2.589276,0.42092880000000005
2.6703528,0.4864608
2.6764488,0.4934712
2.749296,0.5632704000000001
2.7550872,0.5708904
2.8203144,0.6446520000000001
2.8251912000000003,0.6522720000000001
2.8831032,0.7290816
2.8876752000000003,0.7370064000000001
2.9391864000000005,0.8156448000000001
2.9849064,0.8951976
3.0702504000000004,1.0716768
3.119628,1.1999976
0.499872,1.1999976
0.499872,0.00030480000000000004

