105.50011920000001
0,5.8000392000000005
0.8001,5.8000392000000005
0.8001,9.3000576
0,9.3000576
0,5.8000392000000005

105.4217856
0,5.8000392000000005
0.8001,5.8000392000000005
0.8001,9.3000576
0,9.3000576
0,5.8000392000000005

105.0383472
0,5.8000392000000005
0.8001,5.8000392000000005
0.8001,9.3000576
0,9.3000576
0,5.8000392000000005

104.65521360000001
0,5.8000392000000005
0.8001,5.8000392000000005
0.8001,9.3000576
0,9.3000576
0,5.8000392000000005

104.30012160000001
0,5.8000392000000005
0.8001,5.8000392000000005
0.8001,9.3000576
0,9.3000576
0,5.8000392000000005

