105.50011920000001
0,5.450128800000001
2.0000976,5.450128800000001
2.0000976,5.8000392000000005
0,5.8000392000000005
0,5.450128800000001

105.4217856
0,5.450128800000001
2.0000976,5.450128800000001
2.0000976,5.8000392000000005
0,5.8000392000000005
0,5.450128800000001

105.0383472
0,5.450128800000001
2.0000976,5.450128800000001
2.0000976,5.8000392000000005
0,5.8000392000000005
0,5.450128800000001

104.65521360000001
0,5.450128800000001
2.0000976,5.450128800000001
2.0000976,5.8000392000000005
0,5.8000392000000005
0,5.450128800000001

104.30012160000001
0,5.450128800000001
2.0000976,5.450128800000001
2.0000976,5.8000392000000005
0,5.8000392000000005
0,5.450128800000001

