100.29962160000001
0,1.1999976
0.7001256000000001,1.1999976
2.2500336,2.4999696
4.3299888,5.850026400000001
4.340047200000001,9.240012
0,9.400032000000001
0,1.1999976

100.0600488
0,1.1999976
1.050036,1.1999976
2.5499568,2.4999696
4.4199048,5.850026400000001
4.4900088,9.240012
0,9.400032000000001
0,1.1999976

99.3583992
0,1.1999976
1.3499592000000002,1.1999976
2.84988,2.4999696
4.5299376,5.850026400000001
4.6500288,9.2299536
0,9.400032000000001
0,1.1999976

98.2419168
0,1.1999976
1.6498824,1.1999976
3.2500824,2.4999696
4.849977600000001,5.850026400000001
4.8801528,9.2198952
0,9.400032000000001
0,1.1999976

96.78710640000001
0,1.1999976
1.9001232000000001,1.1999976
3.5999928000000003,2.4999696
5.1200304,5.850026400000001
5.1499008,9.2198952
0,9.400032000000001
0,1.1999976

95.093028
0,1.1999976
2.2500336,1.1999976
4.099864800000001,2.4999696
5.5699152000000005,5.850026400000001
5.3800248,9.2101416
0,9.400032000000001
0,1.1999976

93.274896
0,1.1999976
2.6999184000000005,1.1999976
4.5000672,2.4999696
6.0399168,5.850026400000001
5.7299352,9.2000832
0,9.400032000000001
0,1.1999976

91.456764
0,1.1999976
3.1598616000000006,1.1999976
4.949952,2.4999696
6.5400936000000005,5.850026400000001
6.0499752,9.1900248
0,9.400032000000001
0,1.1999976

89.7623808
0,1.1999976
0,1.1999976
3.6499800000000002,1.1999976
5.3498496,2.4999696
6.900062400000001,5.850026400000001
6.440119200000001,9.1799664
0,9.400032000000001
0,1.1999976

88.3075704
0,1.1999976
3.9499032,1.1999976
5.6500776,2.4999696
7.2801480000000005,5.850026400000001
6.8799456,9.169908000000001
0,9.400032000000001
0,1.1999976

87.19108800000001
0,1.1999976
4.300118400000001,1.1999976
5.950000800000001,2.4999696
7.370064,5.850026400000001
7.199985600000001,9.159849600000001
0,9.400032000000001
0,1.1999976

86.4894384
0,1.1999976
0.0499872,1.1999976
4.6000416,1.1999976
6.199936800000001,2.4999696
7.4700384,5.850026400000001
7.339888800000001,9.159849600000001
0,9.400032000000001
0,1.1999976

86.24986559999999
0,1.1999976
4.949952,1.1999976
6.3998856,2.4999696
7.5599544000000005,5.850026400000001
7.449921600000001,9.159849600000001
0,9.400032000000001
0,1.1999976

