86.24986559999999
0,1.1999976
4.340047200000001,1.1999976
6.074968800000001,2.295144
7.464856800000001,5.7948576
7.6248768,9.0549984
0,9.400032000000001
0,1.1999976

85.98773760000002
0,1.1999976
4.5549312,1.1999976
6.214872000000001,2.279904
7.4800968,5.7948576
7.6349352,9.0549984
0,9.400032000000001
0,1.1999976

85.21842240000001
0,1.1999976
4.7649384,1.1999976
6.3599568,2.2701504000000003
7.489850400000001,5.8000392000000005
7.6349352,9.0549984
0,9.400032000000001
0,1.1999976

83.9946504
0,1.1999976
4.9600104,1.1999976
6.534912,2.2500336
7.5151488,5.7899807999999995
7.6349352,9.0549984
0,9.400032000000001
0,1.1999976

82.3999368
0,1.1999976
5.1901344,1.1999976
6.634886400000001,2.2399752000000004
7.5349608,5.8000392000000005
7.6498704,9.0501216
0,9.400032000000001
0,1.1999976

80.5427904
0,1.1999976
5.3708808,1.197864
6.7851528000000005,2.2500336
7.5700128,5.8000392000000005
7.6498704,9.0501216
0,9.400032000000001
0,1.1999976

78.55000799999999
0,1.1999976
5.625084,1.1999976
7.125004800000001,2.3999952
7.605064800000001,5.8000392000000005
7.6651104000000005,9.0400632
0,9.400032000000001
0,1.1999976

76.55722560000001
0,1.1999976
5.928969600000001,1.1999976
7.249972800000001,2.3999952
7.6401168,5.8000392000000005
7.6800456,9.0348816
0,9.400032000000001
0,1.1999976

74.7000792
0,1.1999976
6.212433600000001,1.1999976
7.3600056,2.3798784
7.6651104000000005,5.7948576
7.6949808,9.0300048
0,9.400032000000001
0,1.1999976

73.10536560000001
0,1.1999976
6.455968800000001,1.1999976
7.4349864000000006,2.404872
7.705039200000001,5.7948576
7.709916000000001,9.025128
0,9.400032000000001
0,1.1999976

71.8815936
0,1.1999976
6.6425064,1.1999976
7.5200256,2.3899368
7.7349096,5.8000392000000005
7.7400912,9.025128
0,9.400032000000001
0,1.1999976

71.11227840000001
0,1.1999976
6.759854400000001,1.1999976
7.615123200000001,2.3999952
7.744968,5.715
7.7848968,9.0199464
0,9.400032000000001
0,1.1999976

70.8501504
0,1.1999976
6.800088,1.1999976
7.6949808,2.3999952
7.8199488,9.0199464
0,9.400032000000001
0,1.1999976

