23.6000544
0,5.8000392000000005
4.300118400000001,5.999988
4.700016000000001,6.49986
4.9999392,7.2999600000000004
5.2498752,9.100108800000001
0,9.4131384

23.520501600000003
0,5.8000392000000005
4.2501312,5.999988
4.4000928,6.199936800000001
4.7999904,6.800088
4.9999392,7.2999600000000004
5.199888,9.100108800000001
0,9.400032000000001

22.8319584
0,5.8000392000000005
4.200144,5.999988
4.700016000000001,6.7001136
4.9999392,7.2999600000000004
5.199888,9.100108800000001
0,9.400032000000001
0,5.8000392000000005

22.200108
0,5.8000392000000005
4.099864800000001,5.999988
4.9999392,7.3999344
5.199888,9.100108800000001
0,9.400032000000001

