70.8501504
0,1.1999976
6.800088,1.1999976
7.800136800000001,2.4999696
7.800136800000001,9.0001344
4.845100800000001,9.1750896
0,9.400032000000001
0,1.1999976

70.5758304
0,1.1999976
6.800088,1.1999976
7.800136800000001,2.4999696
7.800136800000001,9.0001344
4.945075200000001,9.1650312
0,9.400032000000001
0,1.1999976

69.7714632
0,1.1999976
6.800088,1.1999976
7.800136800000001,2.4999696
7.800136800000001,9.0001344
5.020056,9.1650312
0,9.400032000000001
0,1.1999976

68.4922176
0,1.1999976
6.800088,1.1999976
7.800136800000001,2.4999696
7.800136800000001,9.0001344
5.3099208,9.154972800000001
0,9.400032000000001
0,1.1999976

66.8249616
0,1.1999976
6.800088,1.1999976
7.800136800000001,2.4999696
7.800136800000001,9.0001344
5.3498496,9.1400376
0,9.400032000000001
0,1.1999976

64.88338560000001
0,1.1999976
6.800088,1.1999976
7.800136800000001,2.4999696
7.800136800000001,9.0001344
5.384901600000001,9.154972800000001
0,9.400032000000001
0,1.1999976

62.8000776
0,1.1999976
6.800088,1.1999976
7.800136800000001,2.4999696
7.800136800000001,9.0001344
5.384901600000001,9.1400376
0,9.400032000000001
0,1.1999976

60.716464800000004
0,1.1999976
6.800088,1.1999976
7.800136800000001,2.4999696
7.800136800000001,9.0001344
5.6948832000000005,9.129979200000001
0,9.400032000000001
0,1.1999976

58.7748888
0,1.1999976
6.800088,1.1999976
7.800136800000001,2.4999696
7.800136800000001,9.0001344
5.384901600000001,9.154972800000001
0,9.400032000000001
0,1.1999976

57.1079376
0,1.1999976
6.800088,1.1999976
7.800136800000001,2.4999696
7.800136800000001,9.0001344
6.0450984,9.1098624
0,9.400032000000001
0,1.1999976

55.8283872
0,1.1999976
6.800088,1.1999976
7.800136800000001,2.4999696
7.800136800000001,9.0001344
5.9798712,9.119920800000001
0,9.400032000000001
0,1.1999976

55.02432480000001
0,1.1999976
6.800088,1.1999976
7.800136800000001,2.4999696
7.800136800000001,9.0001344
5.594908800000001,9.1400376
0,9.400032000000001
0,1.1999976

54.750004800000006
0,1.1999976
6.800088,1.1999976
7.800136800000001,2.4999696
7.800136800000001,9.0001344
5.220004800000001,9.154972800000001
0,9.400032000000001
0,1.1999976

