5.4001415999999995
0,5.8000392000000005
1.8001488,5.8000392000000005
4.099864800000001,6.7001136
5.299862400000001,8.100060000000001
5.9000136,9.100108800000001
0,9.400032000000001
0,5.8000392000000005

4.6500288
0,5.8000392000000005
1.5998952,5.8000392000000005
3.9998904,6.7001136
5.199888,8.100060000000001
5.8000392000000005,9.100108800000001
0,9.400032000000001
0,5.8000392000000005

3.899916
0,5.8000392000000005
1.4999208000000002,5.9000136
3.899916,6.800088
4.9999392,8.100060000000001
5.600090400000001,9.100108800000001
0,9.400032000000001
0,5.8000392000000005

3.1501080000000004
0,5.8000392000000005
1.1999976,5.9000136
3.7999416000000004,6.900062400000001
4.700016000000001,8.0000856
5.4001415999999995,9.100108800000001
0,9.400032000000001
0,5.8000392000000005

2.9498544000000004
0,5.8000392000000005
1.0000488,5.9000136
3.5999928000000003,7.000036800000001
4.5000672,8.100060000000001
4.9999392,9.100108800000001
0,9.400032000000001
0,5.9335416

