54.84997920000001
0,1.1999976
6.800088,1.1999976
7.812024,2.4999696
7.808976,9.0790776
0,9.400032000000001
0,1.1999976

54.52353840000001
0,1.1999976
6.800088,1.1999976
7.8111096,2.4999696
7.808976,9.0790776
0,9.400032000000001
0,1.1999976

53.859074400000004
0,1.1999976
6.800088,1.1999976
7.812024,2.4990552
7.808976,9.0790776
0,9.400032000000001
0,1.1999976

52.8023328
0,1.1999976
6.800088,1.1999976
7.8111096,2.4990552
7.808976,9.0790776
0,9.400032000000001
0,1.1999976

51.424941600000004
0,1.1999976
6.800088,1.1999976
7.812024,2.4981408
7.8080616,9.0790776
0,9.400032000000001
0,1.1999976

49.821084000000006
0,1.1999976
6.800088,1.1999976
7.8111096,2.4990552
7.807147200000001,9.0790776
0,9.400032000000001
0,1.1999976

48.0998784
0,1.1999976
6.800088,1.1999976
7.812024,2.4990552
7.805928000000001,9.0790776
0,9.400032000000001
0,1.1999976

46.378977600000006
0,1.1999976
6.800088,1.1999976
7.812024,2.4981408
7.8050136000000006,9.0790776
0,9.400032000000001
0,1.1999976

44.77512
0,1.1999976
6.800088,1.1999976
7.812024,2.4981408
7.8040992000000005,9.0790776
0,9.400032000000001
0,1.1999976

43.3977288
0,1.1999976
6.800088,1.1999976
7.8111096,2.4990552
7.801965600000001,9.0790776
0,9.400032000000001
0,1.1999976

42.3409872
0,1.1999976
6.800088,1.1999976
7.8111096,2.4999696
7.801051200000001,9.0790776
0,9.400032000000001
0,1.1999976

41.999916
0,1.1999976
6.800088,1.1999976
7.8111096,2.4999696
7.7989176,9.0790776
0,9.400032000000001
0,1.1999976

41.450056800000006
0,1.1999976
6.800088,1.1999976
7.8111096,2.4999696
7.7980032,9.0790776
0,9.400032000000001
0,1.1999976

