41.450056800000006
0,1.1999976
6.800088,1.1999976
7.730032800000001,2.4999696
7.7199744,9.0501216
0,9.400032000000001
0,1.1999976

41.2354776
0,1.1999976
6.6799968000000005,1.1999976
7.7199744,2.4999696
7.716926400000001,9.0501216
0,9.400032000000001
0,1.1999976

40.60606560000001
0,1.1999976
6.580022400000001,1.1999976
7.709916000000001,2.4999696
7.7111352,5.8000392000000005
7.716926400000001,9.0050112
7.709001600000001,9.0501216
0,9.400032000000001
0,1.1999976

39.604797600000005
0,1.1999976
3.2250888,1.1999976
6.4498728000000005,1.1999976
7.6998576000000005,2.4999696
7.6940664,5.8000392000000005
7.715097600000001,9.004096800000001
7.6949808,9.051036
0,9.400032000000001
0,1.1999976

38.2999488
0,1.1999976
6.270040800000001,1.1999976
7.6998576000000005,2.4999696
7.674864,5.7979056
7.709001600000001,9.005925600000001
7.6791312000000005,9.0519504
0,9.400032000000001
0,1.1999976

36.780520800000005
0,1.1999976
6.029858400000001,1.1999976
7.690104000000001,2.4999696
7.648956,5.8000392000000005
7.7019912,9.0071448
7.6581,9.0528648
0,9.400032000000001
0,1.1999976

35.1501456
0,1.1999976
5.8000392000000005,1.1999976
7.6599288,2.4999696
7.623048000000001,5.7979056
7.6931519999999995,9.005925600000001
7.6318872,9.054084
0,9.400032000000001
0,1.1999976

33.5194656
0,1.1999976
5.5400447999999995,1.1999976
7.4398632000000005,2.4999696
7.5870816,5.8000392000000005
7.6861416,9.004096800000001
7.604150400000001,9.0549984
0,9.400032000000001
0,1.1999976

32.0000376
0,1.1999976
5.2498752,1.1999976
7.13994,2.4999696
7.560868800000001,5.7979056
7.669072800000001,9.005925600000001
7.5730608,9.0559128
0,9.400032000000001
0,1.1999976

30.695188800000004
0,1.1999976
4.930140000000001,1.1999976
6.8199000000000005,2.4999696
7.5322176,5.8000392000000005
7.637983200000001,9.0071448
7.5441048,9.0580464
0,9.400032000000001
0,1.1999976

29.693920800000004
0,1.1999976
4.6701456,1.1999976
6.569964000000001,2.4999696
7.503871200000001,5.8000392000000005
7.62,9.0071448
7.5160632,9.058960800000001
0,9.400032000000001
0,1.1999976

29.0648136
0,1.1999976
4.359859200000001,1.1999976
6.2898528,2.4999696
7.4819256,5.8000392000000005
7.591958400000001,9.0071448
7.4800968,9.061094400000002
0,9.400032000000001
0,1.1999976

28.849929600000003
0,1.1999976
4.0200072,1.1999976
5.989929600000001,2.4999696
7.456932,5.7969912
7.5489816,9.008973600000001
7.4450448,9.0629232
0,9.400032000000001
0,1.1999976

