22.200108
0,0
3.7438584,0
4.1404032,0.029870400000000002
4.3476672,0.07101840000000001
4.5555408,0.12954000000000002
4.7600616,0.2054352
4.956657600000001,0.2965704
5.1422808,0.4026408
5.3163216,0.521208
5.4766464,0.6513576
5.625693600000001,0.7906512
5.638800000000001,0.8028432
5.839968000000001,1.0259568000000001
6.0719208,1.335024
6.2359032,1.5877032
6.430365600000001,1.9260312000000002
6.57606,2.2033992000000002
6.6025776,2.2603968
8.1826608,5.6217312
8.3030568,5.902452
8.3984592,6.161532
8.403336000000001,6.1773816
8.490204,6.4611504
8.580729600000002,6.810756
8.6407752,7.0847712000000005
8.6767416,7.337755200000001
8.761476,8.2933032
8.7846408,8.752332000000001
8.8227408,11.1940848
8.841943200000001,11.7223032
8.852916,11.8777512
0,11.8777512

22.1403672
0,0
3.8240208,0
3.9374064,0.005181600000000001
4.1440608,0.0316992
4.3513248,0.0743712
4.5591984000000005,0.134112
4.7637192,0.2115312
4.9600104,0.30388560000000003
5.145024,0.4111752
5.3178456,0.5309616
5.4769512,0.6620256000000001
5.6244744,0.8022336000000001
5.825032800000001,1.025652
6.0612528,1.3417296
6.2203584,1.588008
6.4148208,1.9266408
6.5528952,2.1890736000000004
8.1820512,5.6409336
8.300618400000001,5.915253600000001
8.3963256,6.1734192000000006
8.4865464,6.466332
8.5743288,6.801612
8.6362032,7.0792848
8.674608000000001,7.3462896
8.7602568,8.293608
8.784336,8.7611712
8.8230456,11.211458400000001
8.842248000000001,11.7283992
8.852916,11.878056
0,11.878056

21.4490808
0,0
3.7100256000000003,0
3.7651944,0.0021336000000000003
3.9721536000000004,0.0265176
4.180941600000001,0.0673608
4.3933872,0.1261872
4.6018704,0.202692
4.8015144,0.2947416
4.9871376,0.40172640000000004
5.0743104,0.46024800000000005
5.2367688,0.5861304
5.384596800000001,0.7226808
5.5205376,0.8674608
5.7061608,1.0966704
5.928969600000001,1.4200632
6.1310519999999995,1.7574768
6.2267592,1.9306032
6.4562736,2.3762208
7.8108048000000005,5.1270408000000005
8.1162144,5.7186576
8.274100800000001,6.0566808
8.3890104,6.3608712
8.5094064,6.7577208
8.581644,7.0387464
8.628888,7.2972168
8.7367872,8.214360000000001
8.7663528,8.574024
8.775801600000001,8.766048000000001
8.8227408,11.20902
8.8526112,11.8814088
0,11.8814088

20.757794399999998
0,0
3.5896296,0
3.7920168000000003,0.0222504
4.0032432,0.06096000000000001
4.2205656000000005,0.11795760000000001
4.434230400000001,0.19263360000000002
4.5375576,0.23622
4.637227200000001,0.28376880000000004
4.7326296,0.33528
4.8237648,0.39014400000000005
4.910328,0.44836080000000006
4.9920144,0.5102352
5.1422808,0.6419088
5.277612,0.783336
5.4614064,1.0098024
5.6293512,1.2490704
5.786932800000001,1.498092
5.983224,1.8419064
6.168847200000001,2.196084
6.6787776,3.2080200000000003
7.2795384,4.354068
7.6242672,5.03682
8.126577600000001,5.932932
8.2750152,6.251448000000001
8.35914,6.4748664
8.487156,6.879336
8.5581744,7.1606664
8.6026752,7.404201600000001
8.717584800000001,8.2195416
8.7608664,8.6739984
8.8221312,11.2190784
8.8526112,11.8847616
0,11.8847616

20.0662032
0,0
3.386328,0
3.5033712,0.006400800000000001
3.7109400000000003,0.034442400000000005
3.9300912,0.08016240000000001
4.1525952,0.1435608
4.3671744,0.22494240000000001
4.4686728,0.2718816
4.5649896000000005,0.3227832
4.6564296,0.3773424
4.7420784000000005,0.43555920000000004
4.8222408,0.49712880000000004
4.8975264,0.5617464
4.9679352,0.629412
5.097475200000001,0.7717536
5.272430399999999,0.999744
5.4854856000000005,1.3234416
5.686044000000001,1.6632936
5.8283856,1.9257264
6.3767208,3.0065472000000004
7.0564248,4.2422064
7.420356,4.936236
7.6562712,5.337962400000001
7.9912464000000005,5.8698384
8.1390744,6.1368432
8.2695288,6.4264032
8.3588352,6.6684144000000005
8.4850224,7.0765416
8.5377528,7.300264800000001
8.5929216,7.594092
8.6968584,8.224723200000001
8.7483696,8.67918
8.7633048,8.9833704
8.8203024,11.213287200000002
8.8465152,11.804294400000002
8.852916,11.888114400000001
0,11.888114400000001

19.3749168
0,0
3.2314896,0
3.3122616000000003,0.0039624
3.5201352,0.030175200000000003
3.7435536000000003,0.073152
3.9721536000000004,0.1344168
4.08432,0.17190719999999998
4.192524000000001,0.2139696
4.2958512,0.2599944
4.393692,0.3102864
4.485132,0.3645408
4.570476,0.4227576
4.6494192000000005,0.4843272
4.7225712,0.5492496
4.7905416,0.61722
4.9142904000000005,0.7607808
5.132222400000001,1.0701528
5.2343304,1.2335255999999999
5.3836824000000005,1.4852904000000002
5.620512000000001,1.92024
6.0649104000000005,2.8081224
6.345326400000001,3.3220152
6.810756,4.1190672
7.24662,4.9084992
7.452969600000001,5.241340800000001
7.8873096,5.873800800000001
8.052511200000001,6.1435488
8.1719928,6.3776352
8.2744056,6.6236088
8.3908392,6.9546216
8.4633816,7.2057768
8.4996528,7.3545192
8.5660992,7.667853600000001
8.6877144,8.3131152
8.7334344,8.683752
8.7495888,8.93064
8.7547704,9.1235784
8.7550752,9.1275408
8.8181688,11.213592
8.8413336,11.733276
8.8526112,11.8911624
0,11.8911624

18.6833256
0,0
3.0696408,0
3.11658,0.0021336000000000003
3.4357056000000004,0.0448056
3.6700968000000005,0.09479280000000001
3.9026592000000004,0.16276320000000002
4.013911200000001,0.20360640000000002
4.119676800000001,0.2490216
4.2187368,0.2993136
4.311396,0.3532632
4.3964352,0.41148000000000007
4.474464,0.47365920000000006
4.5457872,0.5385816
4.611624000000001,0.6071616000000001
4.6722792,0.6784848
4.7835312000000005,0.8278368000000002
4.8862488,0.9838944000000001
5.033162400000001,1.2280392
5.1773328,1.4807184
5.3178456,1.7397984000000002
5.8378344,2.7870912000000003
6.1115448,3.2802576
6.592824,4.0678608
7.008876000000001,4.7923704
7.2295512,5.134660800000001
7.830007200000001,5.9487816
7.9997808,6.211519200000001
8.09244,6.382207200000001
8.202777600000001,6.6245232000000005
8.3128104,6.9131688
8.394192,7.1615808
8.492947200000001,7.5373992
8.6483952,8.235696
8.706612000000002,8.594140800000002
8.733129600000002,8.8809576
8.815425600000001,11.213592
8.852001600000001,11.8939056
0,11.8939056

17.9920392
0,0
2.8971240000000003,0
2.9178504000000003,0.0009144000000000001
3.2385,0.041452800000000005
3.4789872,0.0890016
3.71856,0.155448
3.8325552000000003,0.1959864
3.941064,0.24109680000000003
4.0419528,0.2907792
4.1355264,0.34533840000000005
4.2205656000000005,0.40386
4.2982896,0.46634400000000004
4.3683936,0.5324856000000001
4.4320968,0.6019800000000001
4.490618400000001,0.6742176000000001
4.5963840000000005,0.8250936
4.6930056,0.9826752000000001
4.9237392,1.3956792
5.1041808,1.7382744
5.5607712000000005,2.6834592
5.7750456,3.0833568000000002
6.4093344,4.0968168
6.8074032,4.7557944
6.985101600000001,5.0191416
7.2609456,5.3788056
7.605064800000001,5.801258400000001
7.8236064,6.0905136
7.9449168,6.2764416
8.0839056,6.5343024
8.212836000000001,6.8311776
8.317687200000002,7.117994400000001
8.4100416,7.4170032
8.4987384,7.7507592
8.638336800000001,8.323783200000001
8.697772800000001,8.693200800000001
8.7221568,8.9882472
8.840724,11.754916800000002
8.852001600000001,11.895429600000002
0,11.895429600000002

17.3007528
0,0
2.7096720000000003,0
2.7166824000000003,0.00030480000000000004
3.0388560000000004,0.039319200000000006
3.2851344000000005,0.0862584
3.5314128000000005,0.1520952
3.6490656,0.19263360000000002
3.7600128,0.237744
3.8636448000000003,0.288036
3.9587424,0.34290000000000004
4.0450008,0.402336
4.12242,0.4660392
4.1922192,0.5334
4.2543984,0.6041136
4.311396,0.6775704
4.41198,0.8305800000000001
4.5028104,0.9899904000000002
4.8048672,1.5715488
4.9715928,1.9135344
5.2818792000000006,2.5865328000000005
5.481828,2.9763720000000005
5.7049416,3.3509712
6.167323200000001,4.0520112
6.5352168,4.6317408
6.7202304,4.8972216
7.01802,5.268772800000001
7.5483720000000005,5.8789824
7.7687424,6.1606176
7.888224,6.3377064
8.0016096,6.5367408000000005
8.1201768,6.7900296
8.2353912,7.0756272
8.335365600000001,7.3636632
8.4127848,7.616342400000001
8.588654400000001,8.2469736
8.6459568,8.5094064
8.6868,8.7913464
8.757513600000001,9.955987200000001
8.8078056,11.211458400000001
8.8379808,11.737848
8.8510872,11.896344000000001
0,11.896344000000001

16.6091616
0,0
2.5091136,0
2.5158192,0.00030480000000000004
2.8379928000000003,0.039014400000000005
3.0897576000000004,0.08595359999999999
3.3433512,0.1524
3.4646616000000003,0.19354800000000003
3.5786568,0.23987760000000002
3.6847272,0.291084
3.7816536000000003,0.347472
3.8694360000000003,0.408432
3.9477696,0.4733544
4.0169592000000005,0.5428488
4.0788336,0.6150863999999999
4.134612,0.6903720000000001
4.1855136,0.7674864
4.3177968,1.0070592
4.6347888,1.6699992000000001
5.0395632,2.5767792000000003
5.2264056,2.9538168000000002
5.4403752,3.3180528
6.243523200000001,4.5107352
6.4337184,4.7734728
6.6635376,5.053584
7.4133456,5.864961600000001
7.666024800000001,6.1657992
7.7980032,6.3468504
7.915656,6.5391792
8.0409288,6.7891152
8.1814416,7.119823200000001
8.2942176,7.4255376
8.4057744,7.766304000000001
8.5545168,8.252764800000001
8.6173056,8.514588
8.6633304,8.795918400000001
8.7349584,9.7633536
8.8032336,11.209629600000001
8.842248000000001,11.811
8.8504776,11.896344000000001
0,11.896344000000001

15.9178752
0,0
2.2543008,0
2.4127968,0.0100584
2.7639264,0.06187440000000001
3.0251400000000004,0.12009120000000001
3.1537656,0.156972
3.2775144000000003,0.19933920000000002
3.3945576,0.24688800000000002
3.5030664000000002,0.2999232
3.6024312000000003,0.35814
3.6917376,0.42092880000000005
3.7712904,0.48828960000000005
3.8413944,0.559308
3.9032687999999998,0.6336792000000001
3.9581328000000005,0.7104888
4.00812,0.789432
4.134612,1.0329672
4.792675200000001,2.5697688
4.9661064,2.9358336
5.1697128,3.2930592
5.4775608,3.7478208
5.9323224,4.3955208
6.237732,4.787798400000001
6.452616000000001,5.026152
7.2280272,5.8058304
7.5596496,6.1703712
7.7138784000000005,6.3703199999999995
7.8251304,6.541922400000001
7.917180000000001,6.709257600000001
8.0519016,6.9924168
8.188147200000001,7.3158096
8.279587200000002,7.5599544000000005
8.517331200000001,8.258556
8.5859112,8.5194648
8.636508000000001,8.800490400000001
8.712708000000001,9.6691704
8.8090248,11.3943384
8.8486488,11.8957344
0,11.8957344

15.226588800000002
0,0
2.1040344,0
2.1211032,0.0009144000000000001
2.4399240000000004,0.04206240000000001
2.6980896000000003,0.0917448
2.9617416000000003,0.16276320000000002
3.0876240000000004,0.20695920000000004
3.2071056000000002,0.25633680000000003
3.317748,0.31150560000000005
3.4186368,0.3715512
3.5094672,0.4364736
3.5902392,0.5062728000000001
3.6612576000000003,0.5797296
3.7234368,0.6559296000000001
3.7786056,0.7351776
3.8273736000000005,0.8159496
3.9121080000000004,0.9802368000000001
4.0184832,1.2280392
4.5119544000000005,2.4920448000000004
4.7012352,2.9227272
4.850892,3.2037527999999997
5.0892456,3.5731704000000004
5.6650127999999995,4.3696128000000005
5.907024,4.6670976
6.1267848,4.8993552000000005
6.4431672,5.2023264000000005
7.011314400000001,5.7290208
7.386828,6.1075824
7.595616000000001,6.3529464
7.670292,6.4544448
7.803489600000001,6.670548000000001
7.908340800000001,6.870192
8.0933544,7.2673464
8.1643728,7.435596
8.299094400000001,7.783068
8.474964,8.264652
8.5484208,8.5246464
8.6048088,8.805367200000001
8.6413848,9.12876
8.6858856,9.580168800000001
8.804148000000001,11.3922048
8.8477344,11.8945152
0,11.8945152

14.5349976
0,0
1.906524,0
1.9318224000000002,0.0015240000000000002
2.2451568,0.0435864
2.5024080000000004,0.0950976
2.7666696,0.16855440000000002
2.8937712,0.2142744
3.0135576000000004,0.2654808
3.1254192,0.32247840000000005
3.2275272000000004,0.3849624
3.3195768,0.45201840000000004
3.4012632000000003,0.5236464000000001
3.4728912000000003,0.5995416
3.53568,0.6784848
3.5911536,0.7595616000000001
3.6402264,0.8421624
3.7234368,1.0094976
3.8545008000000003,1.34112
4.2086784,2.3451312
4.403750400000001,2.8431744
4.5363384,3.1208472000000005
4.7055024,3.4091880000000003
4.9731168,3.7929312000000004
5.3852064,4.347362400000001
5.5942992,4.5951648
5.871972,4.8694848
6.707428800000001,5.5924704
7.010704800000001,5.864352
7.2883776000000005,6.135624
7.469124,6.335268
7.600188,6.5050416
7.6812648,6.6294
7.8147672,6.8662296000000005
8.020812000000001,7.2804528
8.3280504,8.0119728
8.4335112,8.283854400000001
8.4868512,8.4517992
8.5545168,8.729167200000001
8.5895688,8.933688
8.651443200000001,9.469221600000001
8.7014304,10.0056696
8.7983568,11.3894616
8.8459056,11.8929912
0,11.8929912

13.8437112
0,0
1.7193768,0
1.9412712,0.025908000000000004
2.1784056,0.0679704
2.4387048,0.1316736
2.5691592,0.1725168
2.6950416,0.2188464
2.8145232,0.2718816
2.9257752000000004,0.33040320000000006
3.028188,0.394716
3.1205424,0.46390560000000003
3.2025336,0.537972
3.2744664,0.615696
3.3381696,0.6967728000000001
3.3936432,0.7796784
3.4427160000000003,0.864108
3.4869120000000002,0.9494520000000001
3.593592,1.2036552
3.7045392,1.5288768000000001
3.941064,2.2762464000000002
4.138879200000001,2.8349448
4.2614088,3.1123128
4.378756800000001,3.3271968000000003
4.629912,3.704844
5.033162400000001,4.2498264
5.2282344,4.4860464
5.3897784,4.6530768
5.7811416,4.9886616
6.3867792,5.4671976
6.798868800000001,5.8085736
6.9561456,5.9463432
7.1332344,6.1109352
7.375855200000001,6.364224
7.5044808,6.525768
7.565136000000001,6.6132456
7.709916000000001,6.8528184
7.8251304,7.062520800000001
7.9348584,7.275576000000001
8.033004,7.4788776
8.2088736,7.8732888
8.3929728,8.315858400000002
8.476183200000001,8.583168
8.5203792,8.7669624
8.561832,9.007754400000001
8.6179152,9.4262448
8.666988,9.8660712
8.7910416,11.3867184
8.843772000000001,11.8908576
0,11.8908576

13.15212
0,0
1.5535656000000002,0
1.7611344,0.025298400000000002
1.9897344,0.067056
2.241804,0.131064
2.368296,0.172212
2.4914352,0.219456
2.6084784,0.27310080000000003
2.7179016000000003,0.3328416
2.8187904,0.3983736
2.9102304,0.46939200000000003
2.991612,0.5452872
3.0641544000000005,0.6251448000000001
3.1278576000000005,0.7077456000000001
3.1839408000000002,0.7930896
3.233928,0.879348
3.317748,1.0530840000000001
3.415284,1.3082016
3.4686240000000006,1.4712696
3.7837872,2.5548336
3.8996112000000003,2.8965144
3.9873936000000003,3.1056072
4.0992552,3.3214056000000003
4.2897552,3.6213288
4.737201600000001,4.2327576
4.8914304,4.4223432
5.0423064,4.5802296
5.237988,4.7536608000000005
5.6427624000000005,5.059680000000001
6.082284,5.3788056
6.3306960000000005,5.5653432
6.7403472,5.890869600000001
7.0786752,6.190183200000001
7.2804528,6.3968376
7.3971912,6.53796
7.4977752,6.6806064
7.716621600000001,7.0445376
7.83336,7.2548496
7.9360776,7.453579200000001
8.108594400000001,7.8105
8.3365848,8.321954400000001
8.424672000000001,8.5880448
8.4941664,8.868156
8.581644,9.4042992
8.6240112,9.718548
8.6724744,10.150144800000001
8.782507200000001,11.38428
8.8416384,11.888724000000002
0,11.888724000000002

12.4608336
0,0
1.3965936,0
1.5889224000000002,0.0237744
1.804416,0.0643128
2.0445984000000004,0.1274064
2.1662136000000003,0.16855440000000002
2.2841712,0.2161032
2.3972520000000004,0.27005280000000004
2.5036272000000004,0.33101280000000005
2.6017728,0.397764
2.6916888,0.4700016
2.7724608,0.547116
2.8446984000000004,0.6288024000000001
2.9087064,0.7135368000000001
2.9653992,0.8007096
3.0163008000000002,0.8887968
3.1016448000000003,1.0658856
3.2010096000000003,1.324356
3.2991552,1.6437864
3.5484816,2.6173176000000002
3.6319968000000005,2.8901136
3.7136832,3.1007304
3.8203632000000005,3.317748
4.005072,3.6173664000000003
4.436364,4.2162984
4.6158912,4.4354496
4.7262288,4.548530400000001
4.8627792,4.6704504
5.1788568,4.906365600000001
5.898794400000001,5.392826400000001
6.1444632,5.565648
6.3989712,5.752490400000001
6.678472800000001,5.9713368000000004
7.0235064000000005,6.2715648
7.1786496,6.4291464000000005
7.2941688000000005,6.566001600000001
7.446264,6.783019200000001
7.626400800000001,7.07136
7.738262400000001,7.260640800000001
7.848904800000001,7.4605896000000005
8.052511200000001,7.8574392
8.2424016,8.2536792
8.32104,8.454542400000001
8.407908,8.735872800000001
8.4740496,9.026652
8.537143200000001,9.3704664
8.5795104,9.6307656
8.6291928,9.994087200000001
8.7748872,11.397081600000002
8.8373712,11.8862856
0,11.8862856

11.7695472
0,0
1.2463272,0
1.4225016,0.0225552
1.6230600000000002,0.06126480000000001
1.8486120000000001,0.12283440000000001
1.9629120000000002,0.1633728
2.0750784,0.2109216
2.1832824000000004,0.2654808
2.2850856,0.32613600000000004
2.3801832000000003,0.39380160000000003
2.4676608,0.4669536
2.5469088,0.5458968
2.618232,0.6288024000000001
2.68224,0.7153656
2.7395424,0.8037576000000001
2.7913584,0.8936736000000001
2.878836,1.0735056
2.980944,1.335024
3.0580584,1.5782544
3.134868,1.8751296000000002
3.30708,2.6798016000000002
3.3640776000000003,2.8855416000000003
3.4399728,3.0985968
3.5042856000000002,3.2439864000000003
3.6252912000000004,3.4664904
3.8740080000000003,3.8416992
4.186428,4.2720768
4.332732,4.445812800000001
4.4415455999999995,4.554321600000001
4.57962,4.67106
4.9447704,4.9249584
5.711952,5.4092856000000005
5.9539632,5.5693056
6.204204000000001,5.742432
6.4687704,5.9371992
6.7747896,6.1825632
6.972300000000001,6.3608712
7.1118984,6.5077848000000005
7.2149208,6.634276799999999
7.461504000000001,6.9908928
7.6861416,7.347508800000001
7.8324456,7.605369600000001
8.0464152,8.0064864
8.1726024,8.260689600000001
8.2869024,8.552383200000001
8.372856,8.8355424
8.484108,9.3311472
8.5468968,9.6655128
8.6087712,10.067239200000001
8.6483952,10.3778304
8.761476,11.379403200000002
8.832494400000002,11.884152000000002
0,11.884152000000002

11.077956
0,0
1.0792968,0
1.2618719999999999,0.0225552
1.4459712,0.059436
1.5483840000000002,0.0862584
1.6541496,0.11917680000000001
1.7605248,0.1591056
1.8656808000000003,0.20604480000000003
1.9671792000000001,0.2599944
2.0644104,0.3212592
2.1555456,0.3889248
2.2396704,0.4629912
2.3173944,0.5422392
2.3878032,0.6266688
2.4515064,0.7141464000000001
2.5091136,0.8040624
2.561844,0.8951976
2.6520648,1.0777728
2.7575256,1.3420344
2.8568903999999997,1.6629888000000002
2.9233368,1.9504152000000001
2.9483304,2.0857464
3.0455616000000005,2.676144
3.0943296,2.8840176
3.137916,3.0272736000000005
3.1930848000000003,3.1738824
3.2610552,3.3220152
3.3857184000000005,3.546348
3.6323016,3.9148512
3.8791896,4.2586656000000005
3.9846504000000005,4.3900344
4.0770048,4.4893992
4.149547200000001,4.5579792
4.2848784,4.668012
4.5381672,4.840224
5.5223664,5.4275736
5.761329600000001,5.5769256
6.0060839999999995,5.73786
6.4008,6.0170568
6.716268,6.268212000000001
6.906158400000001,6.442862400000001
7.049719200000001,6.6016632
7.327392,6.9762624
7.5300839999999996,7.2734424
7.7507592,7.6352400000000005
8.0165448,8.110423200000001
8.129016000000002,8.340242400000001
8.2649568,8.701125600000001
8.3213448,8.889492
8.441131200000001,9.370161600000001
8.5182456,9.741408000000002
8.5883496,10.154716800000001
8.7724488,11.553748800000001
8.8260936,11.881713600000001
0,11.881713600000001

10.3866696
0,0
0.9259824,0
1.1067288,0.025603200000000003
1.2728448,0.06096000000000001
1.3655040000000003,0.0862584
1.4621256,0.11795760000000001
1.5596616,0.1566672
1.6571976000000002,0.202692
1.7516856,0.25633680000000003
1.8431256,0.31699200000000005
1.9296888000000003,0.38465760000000004
2.0107656,0.4593336
2.0860512,0.5391912
2.1552408,0.6236208
2.2183344,0.7120128
2.2765512,0.8028432
2.3777448000000003,0.9869424
2.4618696,1.1692128
2.5606248000000003,1.4289024
2.631948,1.6666464
2.6938223999999997,1.9528536
2.7297888,2.2162008
2.7816047999999998,2.6749248
2.8221432,2.8858464
2.8614624,3.0321504000000004
2.9129736000000004,3.1815024000000003
2.9775912,3.3320736
3.0547056,3.4826448
3.2385,3.7786056
3.5722560000000003,4.25196
3.6700968000000005,4.3754040000000005
3.7530024,4.4671488
3.8526720000000005,4.5622464
3.9816024000000003,4.664354400000001
4.1547288,4.7804832
4.4900088,4.9749456
5.0929032,5.308701600000001
5.4470808,5.515356
5.687872800000001,5.6625744000000005
6.088989600000001,5.925312000000001
6.3303912,6.0969144
6.651955200000001,6.353556
6.8055744,6.498336
6.9406008,6.6495168
7.263079200000001,7.068312000000001
7.4712576,7.3621392000000005
7.6373736,7.6236576000000005
7.8598776,7.993380000000001
7.9851504,8.218932
8.0866488,8.4386928
8.225942400000001,8.8129872
8.280501600000001,8.993124
8.377123200000002,9.3430344
8.4700872,9.7328736
8.5575648,10.184892
8.627364,10.623194400000001
8.7328248,11.375136000000001
8.8181688,11.87958
0,11.87958

9.6953832
0,0
0.7644384000000001,0
1.0287,0.048463200000000005
1.1890248,0.0923544
1.2752832,0.12283440000000001
1.3636752,0.16032480000000002
1.452372,0.2054352
1.53924,0.257556
1.6242792,0.31760160000000004
1.705356,0.38465760000000004
1.7827752000000001,0.4581144
1.854708,0.5376672
1.9223736000000002,0.6220968
1.9851624,0.7107936
2.0958048000000002,0.8927592
2.1896832,1.0771632
2.2680168000000003,1.2566904
2.3585424,1.5096744000000002
2.4216360000000003,1.7401032
2.4606504000000005,1.9513296000000002
2.482596,2.1494496
2.5136856,2.6782776000000004
2.5447752,2.8949903999999997
2.5789128000000003,3.0452568
2.6261568,3.1982664
2.6877264,3.3518856
2.7624024000000005,3.5039808000000003
2.8943808000000004,3.7261800000000003
3.2223455999999997,4.194048
3.3598104,4.3699176
3.4622232000000004,4.4829984000000005
3.5561016000000003,4.5707808000000005
3.6752784000000003,4.664354400000001
3.813048,4.757318400000001
4.111447200000001,4.9261776
4.9024032,5.335524
5.2520088000000005,5.5309008
5.608929600000001,5.743956
5.853379200000001,5.8984896
6.1145928000000005,6.074664
6.416954400000001,6.3005208
6.600444,6.4584072
6.734251200000001,6.594348000000001
6.7717416,6.6364104
7.149693600000001,7.096658400000001
7.3353168,7.341108
7.440168000000001,7.4922888
7.679740800000001,7.860792
7.8757272,8.1850992
7.978140000000001,8.3908392
8.0540352,8.5682328
8.161629600000001,8.857183200000001
8.307019200000001,9.3174312
8.3923632,9.6307656
8.479536000000001,10.003536
8.5688424,10.4610408
8.744712000000002,11.5497864
8.80872,11.8777512
0,11.8777512

9.003792
0,0
0.5888736,0
0.6266688,0.0070104
0.94488,0.08564880000000001
1.0177272,0.1091184
1.0939272,0.1383792
1.1725656,0.1740408
1.2521183999999999,0.2167128
1.3310616,0.26730960000000004
1.4090904000000002,0.3252216
1.4846808000000002,0.3904488
1.5572232000000001,0.4623816
1.626108,0.5407152000000001
1.6913352000000001,0.6236208
1.808988,0.8001
1.911096,0.9826752000000001
2.0348448,1.2521183999999999
2.1265896000000004,1.5041879999999999
2.1704808000000004,1.6599408
2.2024848,1.8068544
2.2305264,2.0135088
2.2396704,2.2110192
2.2424136000000003,2.6858976
2.2527768,2.8334208
2.2741128,2.9867352
2.3082504000000004,3.1437072
2.333244,3.2299656
2.3878032,3.3808416
2.4600408000000002,3.5372040000000005
2.5438608,3.6880800000000002
2.7334464,3.9691056000000002
2.9663136,4.2696384
3.0995112000000002,4.4247816
3.2354520000000004,4.561332
3.3348168000000005,4.6454568
3.4631376,4.738116000000001
3.6371784000000003,4.8426624
4.1047416000000005,5.0730911999999995
4.5921168,5.3044344
4.8262032,5.423611200000001
5.0599848,5.550103200000001
5.2916328,5.6823864
5.551322400000001,5.8381392000000005
5.922264,6.076797600000001
6.180429600000001,6.2596776
6.38556,6.42366
6.526072800000001,6.5538096
6.628790400000001,6.6623184
7.0314312,7.124700000000001
7.163714400000001,7.2865488
7.322515200000001,7.5002136
7.5258168,7.794040800000001
7.747101600000001,8.133283200000001
7.8476856,8.317992
8.0052672,8.670036000000001
8.0805528,8.8623648
8.2216752,9.2671392
8.345119200000001,9.6770952
8.4920328,10.279380000000002
8.7602568,11.711330400000001
8.7971376,11.8759224
0,11.8759224

8.3125056
0,0
0.41056560000000003,0
0.844296,0.1368552
0.9113520000000002,0.1648968
0.979932,0.1984248
1.0503408,0.239268
1.1210544,0.2868168
1.1917680000000002,0.34198560000000006
1.2609576,0.40416480000000005
1.3286232,0.4727448
1.3938504000000003,0.5477256
1.4563344,0.627888
1.5709392,0.7988808000000001
1.6721328,0.9771888000000001
1.7964912000000002,1.2432792
1.8882360000000002,1.4938248
1.9315176,1.6498824
1.9619976000000001,1.7977104
1.9805904,1.9382232000000001
1.9894296000000002,2.074164
1.9900392,2.2076664000000004
1.97358,2.6904696
1.9815048000000002,2.9160216
1.9991832,3.0726888
2.0132040000000004,3.1519368
2.0409408,3.2732472000000006
2.0778216,3.393948
2.1415248,3.5545776000000004
2.2198584,3.7109400000000003
2.3100792,3.8599872
2.456688,4.063593600000001
2.7474672,4.3949112
2.9519880000000005,4.5939456
3.0821376000000003,4.704588
3.1205424,4.733544
3.2573976,4.824984000000001
3.3747456,4.8917352
3.7213032,5.0532792
4.1410128,5.2294536
4.3796712,5.3336952
4.6244256,5.449214400000001
4.8621696000000005,5.5699152000000005
5.0947320000000005,5.6970168
5.3251608,5.830824
5.7363360000000005,6.0877704
6.1078872,6.3505080000000005
6.2913768,6.5032128
6.435852,6.644640000000001
6.8881752,7.1298816
7.0235064000000005,7.2850248
7.2521064,7.5764136
7.6087224,8.0796384
7.680655200000001,8.1954624
7.7867256000000005,8.3966304
7.915351200000001,8.674608000000001
7.977225600000001,8.8212168
8.146389600000001,9.2671392
8.2567272,9.5957136
8.4042504,10.117836
8.5151976,10.592409600000002
8.7255096,11.6302536
8.7834216,11.8743984
0,11.8743984

7.6209144
0,0
0.2566416,0
0.4315968,0.08199120000000001
0.6617208,0.1716024
0.7184136000000001,0.1984248
0.7778496,0.23012400000000002
0.8394192,0.2679192
0.9025128,0.31242
0.9659112000000001,0.3636264
1.0293096,0.4212336
1.0920984,0.48585120000000004
1.1536680000000001,0.5565648000000001
1.2697968000000002,0.7129272
1.3755624,0.8820912000000001
1.4688312000000001,1.0567416
1.5486888000000003,1.2307824
1.6416528000000001,1.4807184
1.6852392,1.6376904
1.716024,1.7870424000000003
1.7340072000000002,1.9299936
1.7416272000000002,2.0686776
1.7379696,2.2719792
1.7084040000000003,2.7611832
1.7093184,2.9849064
1.7215103999999999,3.1391352
1.7471136,3.2967168000000004
1.7772888000000002,3.4229040000000004
1.81356,3.5372040000000005
1.8632424000000003,3.66522
1.9351752000000002,3.8145720000000005
2.0220432,3.9630096000000004
2.116836,4.1001696
2.2165056,4.2239184000000005
2.3695152,4.3866816
2.7060144000000004,4.6920912
2.8547568,4.807000800000001
2.9964888,4.8993552000000005
3.1138368,4.963668
3.2592264,5.031943200000001
4.1562528,5.3711856000000004
4.5326808000000005,5.534558400000001
4.892040000000001,5.714390400000001
5.140452,5.852464800000001
5.60832,6.141415200000001
5.879287200000001,6.3294768
6.0877704,6.494678400000001
6.249619200000001,6.6443352
6.8525136,7.255764
7.020458400000001,7.4496168
7.1289672,7.5837288
7.459980000000001,8.022640800000001
7.576718400000001,8.1982056
7.7748384,8.578596000000001
7.867497600000001,8.7803736
8.045500800000001,9.2107512
8.109204,9.376562400000001
8.2488024,9.787737600000002
8.365540800000002,10.1830632
8.4728304,10.603687200000001
8.743188,11.7847872
8.767572000000001,11.873179200000001
0,11.873179200000001

6.929628
0,0
0.112776,0
0.2188464,0.0771144
0.28346400000000005,0.11643360000000001
0.5166360000000001,0.2337816
0.5669280000000001,0.263652
0.6196584,0.29839920000000003
0.6742176000000001,0.33954720000000005
0.7370064000000001,0.3919728
0.7882128,0.43982640000000006
0.84582,0.49956720000000004
0.9034272,0.565404
1.014984,0.7126224000000001
1.1195304000000001,0.8744712000000001
1.2127992,1.0442448000000002
1.2932664000000003,1.2155424000000001
1.3603224,1.3840968000000002
1.4130528,1.5462504000000001
1.4517624,1.7020032
1.476756,1.8507456000000002
1.490472,1.9943064000000001
1.4926056,2.20218
1.4855952,2.3384256
1.4380464000000002,2.8919424
1.4343888000000002,3.1101792
1.4435328,3.2607504000000005
1.4657832000000002,3.4155888
1.5023592000000001,3.5740848000000005
1.5258288000000002,3.6536376
1.5334488,3.6737544000000004
1.5453360000000003,3.7139880000000005
1.5624048000000001,3.7545264
1.5755112,3.7923216
1.5947136000000002,3.834384
1.6084296,3.8697408
1.6309848,3.913632
1.644396,3.9447216000000003
1.6706088000000001,3.9907464000000004
1.6831056000000002,4.017264
1.7132808000000002,4.0663368
1.7239488,4.0867584
1.8102072,4.2123360000000005
1.909572,4.3348656
2.016252,4.447032
2.3207472,4.719828
2.4725376000000003,4.8387
2.5600152,4.9005744
2.6599896000000003,4.9630584
2.7758135999999998,5.026152
2.9135831999999997,5.089855200000001
3.0812232,5.1547776
3.765804,5.3693568
4.1739312,5.513222400000001
4.5549312,5.675985600000001
4.9176432000000005,5.859780000000001
5.273344799999999,6.066739200000001
5.5351680000000005,6.236208
5.802782400000001,6.4288416
5.9868816,6.582460800000001
6.6638424,7.2182736
6.885432000000001,7.4551032
7.184440800000001,7.8147672
7.3935336000000005,8.0866488
7.4685144,8.1988152
7.626400800000001,8.4844128
7.818424800000001,8.8809576
7.966557600000001,9.2220288
8.1113376,9.5929704
8.2677,10.0580952
8.4389976,10.659160799999999
8.701125600000001,11.7082824
8.7486744,11.8722648
0,11.8722648

6.2383416
0,0.039624000000000006
0.027432,0.06187440000000001
0.108204,0.1344168
0.1551432,0.1703832
0.34899600000000003,0.29718
0.4392168,0.3663696
0.5398008,0.45780960000000004
0.6464808000000001,0.573024
0.7534656000000001,0.7104888
0.8555736,0.8650224000000001
0.9497568000000001,1.0299192000000001
1.0326624,1.1996928
1.1015472,1.3682472
1.156716,1.5328392
1.1981688000000001,1.6913352000000001
1.2256008,1.8437352000000002
1.2417552,1.9900392
1.2469368,2.1314664000000003
1.2338304,2.4036528
1.1558016,3.0031944
1.1420856,3.2132016
1.144524,3.3607248000000003
1.1585448,3.5146488000000002
1.1862816,3.6746688
1.2280392,3.8365176
1.2841224,3.9947088
1.3170408,4.0712136
1.3530072000000002,4.1452800000000005
1.3603224,4.1568624000000005
1.3844016000000001,4.2038016
1.4029944,4.2315384
1.42494,4.2705528
1.449324,4.303776
1.4685264,4.3339512000000004
1.588008,4.479036000000001
1.7361408,4.630521600000001
1.949196,4.8170592
2.0775168,4.9139856
2.226564,5.0121312
2.3417784,5.0767488
2.473452,5.1401472
2.6267664,5.201412
2.915412,5.2907184
3.6103560000000003,5.4662832
3.9032687999999998,5.553456
4.1830752,5.6522112
4.443984,5.7598056
4.6957488000000005,5.8786776
4.9405032,6.0088272
5.183733600000001,6.1526928000000005
5.434584,6.317589600000001
5.731764,6.541922400000001
6.4556640000000005,7.172858400000001
6.6278760000000005,7.337755200000001
6.8692776,7.5943968
7.233208800000001,8.025993600000001
7.3200768,8.1418176
7.3923144,8.253983999999999
7.5215496,8.482584
7.727289600000001,8.8840056
7.8867,9.232392
7.9601568,9.406128
8.0601312,9.6603312
8.2286856,10.140086400000001
8.40486,10.7201208
8.6752176,11.7079776
8.726424,11.871960000000001
0,11.871960000000001

5.5467504000000005
0,0.2237232
0.24109680000000003,0.4309872
0.3343656,0.5245608
0.43494960000000005,0.6409944000000001
0.5373624,0.7790688
0.6361176000000001,0.9332976
0.7257288,1.0981944000000001
0.804672,1.2673584000000002
0.8702040000000001,1.4365224
0.9220200000000001,1.6014192
0.9598152000000001,1.7605248
0.984504,1.9129248
0.9979152,2.0592288
1.0009632,2.1994368
0.9887712000000001,2.4003
0.9619488,2.5929336
0.8415528000000001,3.1580328000000004
0.8229600000000001,3.2961072000000002
0.8135112000000001,3.4439352
0.8150352000000001,3.6018216
0.8293608000000001,3.7670232
0.8418576000000001,3.8508432000000004
0.8784336,4.0169592000000005
0.9028176000000001,4.0983408
0.9311640000000001,4.1781984
0.9640824,4.2559224
1.001268,4.3315128000000005
1.0418064,4.4046648
1.0460736,4.410456000000001
1.0802112000000001,4.4671488
1.0966704,4.4872656
1.126236,4.5326808000000005
1.255776,4.6856904
1.3956792,4.8252888
1.5212568,4.9307496
1.6172688000000002,5.001768
1.7254728,5.0715672000000005
1.8473928000000002,5.140452
1.9138392,5.173980000000001
2.0607528,5.2382928
2.2268688,5.298948000000001
2.3189184,5.3269896
2.6423112000000004,5.4059328
3.2744664,5.529072
3.5963352,5.6034432
3.8986968,5.689701600000001
4.1858184000000005,5.790285600000001
4.453128,5.901232800000001
4.7106840000000005,6.0255912
4.9630584,6.1648848
5.218176000000001,6.3255144
5.4678072,6.5041272
6.2410848,7.1311008000000005
6.5361312,7.3968864000000005
6.734251200000001,7.5968352
7.0027800000000004,7.8909672
7.163104800000001,8.0814672
7.2426576,8.1902808
7.4160888,8.478012000000001
7.5852528,8.7815928
7.8068424,9.240926400000001
7.968386400000001,9.624974400000001
8.0643984,9.875215200000001
8.1911952,10.227564000000001
8.377123200000002,10.8075984
8.645652,11.7085872
8.700516,11.8722648
0,11.8722648

4.8554640000000004
0,0.467868
0.028956000000000003,0.49164240000000003
0.166116,0.6419088
0.2657856,0.7708392000000001
0.3639312,0.9192768
0.4559808,1.0811256
0.5376672,1.2505944
0.6071616000000001,1.4215872
0.6632448000000001,1.5904464
0.7053072,1.7535144
0.7342632,1.9092672000000002
0.7510272,2.0577048000000002
0.7565136000000001,2.1985224000000003
0.7519416000000001,2.3323296
0.7379207999999999,2.4594312000000005
0.7153656,2.5810464
0.6848856,2.6977848000000004
0.5221224000000001,3.1595568000000003
0.4840224000000001,3.2930592
0.4532376000000001,3.441192
0.43251120000000004,3.6030408
0.423672,3.774948
0.42946320000000004,3.9520368
0.43860720000000003,4.0407336
0.45201840000000004,4.1282112
0.4703064,4.215384
0.4934712,4.301032800000001
0.5215128,4.3848528
0.5550408,4.4674536
0.5940552,4.548530400000001
0.6388608,4.6289976
0.6870192,4.705807200000001
0.7461504,4.787798400000001
0.8479536000000001,4.9060608000000006
0.9290304,4.984394400000001
1.0235184000000002,5.0621184
1.1341608,5.1383184
1.2627864,5.2123848
1.4115288000000001,5.2834032
1.5819120000000002,5.349544799999999
1.7721072000000002,5.4092856000000005
2.1064728,5.4860952
3.0702504000000004,5.633008800000001
3.4113216000000004,5.6973216
3.7356288,5.778093600000001
4.0395144,5.8744104
4.3241976,5.9853576
4.5939456,6.1103256
4.858512,6.2532768
5.1294792000000005,6.424269600000001
5.279440800000001,6.5300352
6.1837824,7.222540800000001
6.452616000000001,7.459065600000001
6.7418712,7.7428344
6.99516,8.0153256
7.086904800000001,8.127187200000002
7.164933600000001,8.2384392
7.433462400000001,8.6736936
7.604455200000001,8.988552
7.730642400000001,9.249765600000002
7.880908800000001,9.604248
8.0915256,10.143744000000002
8.277758400000002,10.675010400000001
8.585301600000001,11.6317776
8.6706456,11.872874400000002
0,11.872874400000002

4.1641776
0,0.7836408000000001
0.0402336,0.8308848000000001
0.1374648,0.9823704
0.22738080000000002,1.1478768000000001
0.34259520000000004,1.4072616
0.4032504,1.5800832
0.44988480000000003,1.7474184
0.4837176,1.9068288000000002
0.504444,2.0570952
0.5132832,2.1979128
0.5102352,2.3295864
0.4956048,2.4533352
0.4700016,2.5679400000000006
0.4529328,2.6228040000000004
0.4337304,2.6758392
0.38770560000000004,2.7776424
0.1816608,3.1482792
0.1216152,3.2808672
0.06614160000000001,3.4329624
0,3.6420552
0,4.5076872
0.0749808,4.7292768
0.11308080000000001,4.8194976
0.1594104,4.9084992
0.216408,4.996586400000001
0.2432304,5.028590400000001
0.257556,5.0499264
0.33192720000000003,5.1255168
0.37825680000000006,5.1675792000000005
0.4315968,5.2090320000000006
0.49072800000000005,5.2495704
0.5571744000000001,5.2894992
0.6306312000000001,5.327904
0.8022336000000001,5.4019704
1.0052304,5.469636
1.237488,5.529072
1.6282416,5.6016144
2.0689824000000003,5.655564
2.6673048,5.7156096
3.0294072,5.762244000000001
3.3854136,5.826252
3.7213032,5.9097672
4.0349424,6.011265600000001
4.3287696,6.1295280000000005
4.6101,6.2657736
4.894783200000001,6.429756
5.049012,6.529425600000001
5.8722768,7.110679200000001
6.077712000000001,7.2682608
6.3770256000000005,7.522768800000001
6.6821304,7.8092808
6.9217032000000005,8.060436000000001
7.007352,8.1677256
7.271308800000001,8.560308000000001
7.4654663999999995,8.876690400000001
7.5532488,9.040368
7.6581,9.2561664
7.803489600000001,9.602724
8.0354424,10.183368
8.307019200000001,10.934700000000001
8.5749384,11.7116352
8.6374224,11.8743984
0,11.8743984

3.4725864000000004
0,1.260348
0.0381,1.30302
0.1423416,1.5706343999999999
0.1947672,1.741932
0.2334768,1.9046952
0.2584704,2.0567904
0.27035760000000003,2.1976080000000002
0.2715768,2.2637496
0.2691384,2.3274528
0.2630424,2.388108
0.2542032,2.4460200000000003
0.24140160000000002,2.5014936000000003
0.225552,2.5542240000000005
0.20604480000000003,2.6045160000000003
0.1834896,2.6526744
0.15727680000000002,2.6983944
0.1283208,2.7432000000000003
0.06126480000000001,2.8297632000000004
0,2.8809696000000002
0,5.526024
0.010363200000000001,5.525414400000001
0.1298448,5.561685600000001
0.40599360000000007,5.625998399999999
0.7248144000000001,5.6805576
1.0640568000000001,5.7238392000000005
1.5877032,5.7686448
2.4213312,5.8228992
2.8014168,5.860694400000001
3.1787592000000005,5.916472800000001
3.5411664000000003,5.9948064
3.8752272000000003,6.0935616
4.1922192,6.213348000000001
4.4930568,6.353251200000001
4.8079152,6.529425600000001
5.6043576,7.045147200000001
5.8994040000000005,7.2551544
6.3270384,7.6011024
6.683959199999999,7.927848000000001
6.795516000000001,8.0433672
6.886346400000001,8.1509616
7.1707248,8.5478112
7.3813416,8.8672416
7.5099672,9.097060800000001
7.583424,9.247936800000002
7.7410056,9.6243648
8.038795200000001,10.379964000000001
8.5344,11.714378400000001
8.600236800000001,11.8762272
0,11.8762272

2.7813000000000003
0,2.0449032
0.1999488,2.100072
0.3026664,2.2960584
0.31302959999999996,2.500884
0.2923032,2.6057352
0.2081784,2.7102816
0,2.8145232
0,5.826861600000001
0.0435864,5.8265568000000005
2.363724,5.940551999999999
2.7614880000000004,5.979261600000001
3.1555944,6.038697600000001
3.3463992,6.0780168
3.532632,6.1240416
3.8810184000000003,6.231636000000001
4.2172128,6.3651384
4.3824144,6.4422528
4.555236000000001,6.5309496000000005
4.7521368,6.641287200000001
5.312664,6.9747384
5.5872888000000005,7.150608000000001
5.992368,7.4435208
6.424269600000001,7.7970888
6.6638424,8.0220312
6.7616832,8.1308448
7.068312000000001,8.5322664
7.295997600000001,8.8532208
7.364882400000001,8.9617296
7.466990400000001,9.1488768
7.5950064,9.4323408
7.690408800000001,9.664903200000001
8.4591144,11.640312
8.5596984,11.878665600000001
0,11.878665600000001

2.3999952
0,4.2309288
0.0896112,4.2483024
0.2609088,4.3397424
0.2654808,4.431792
0.256032,4.4787312
0.2185416,4.5256704
0,4.568952
0,5.9204352
0.019507200000000002,5.9204352
2.4530304000000003,6.012180000000001
2.860548,6.0591192000000005
3.1504128000000002,6.106058400000001
3.3460944,6.147816000000001
3.5375088000000003,6.196584
3.898392,6.3114936
4.151376,6.4120776
4.3321224,6.4937640000000005
4.5271944,6.5913
4.615586400000001,6.6406776
5.2992528,7.0268592
5.5729632,7.2015096
6.0646056,7.5587352
6.4163448,7.8479904000000005
6.6178176,8.0384904
6.719316000000001,8.1506568
7.1015352,8.6404704
7.288072800000001,8.9035128
7.3188576,8.9522808
7.4045064,9.102852
7.5486768,9.4088712
7.637983200000001,9.6213168
8.490204,11.7735096
8.5353144,11.880494400000002
0,11.880494400000002

