28.849929600000003
0,1.1999976
4.849977600000001,1.1999976
6.960108000000001,2.4999696
7.5300839999999996,5.8000392000000005
7.7199744,8.9949528
0,9.400032000000001
0,1.1999976

28.6859472
0,1.1999976
4.849977600000001,1.1999976
6.960108000000001,2.4999696
7.5300839999999996,5.8000392000000005
7.7199744,8.9949528
0,9.400032000000001
0,1.1999976

28.49118
0,1.1999976
4.849977600000001,1.1999976
6.960108000000001,2.4999696
7.5300839999999996,5.8000392000000005
7.7199744,8.9949528
0,9.400032000000001
0,1.1999976

28.2375864
0,1.1999976
4.849977600000001,1.1999976
6.960108000000001,2.4999696
7.5300839999999996,5.8000392000000005
7.7199744,8.9949528
0,9.400032000000001
0,1.1999976

27.942235200000002
0,1.1999976
4.849977600000001,1.1999976
6.960108000000001,2.4999696
7.5300839999999996,5.8000392000000005
7.7199744,8.9949528
0,9.400032000000001
0,1.1999976

27.699919200000004
0,1.1999976
4.8298608000000005,1.1999976
6.960108000000001,2.4999696
7.5300839999999996,5.8000392000000005
7.7199744,8.9949528
0,9.400032000000001
0,1.1999976

27.6252432
0,1.1999976
4.309872,1.1999976
6.3998856,2.4798527999999997
7.5200256,5.7899807999999995
7.7199744,8.9949528
0,9.400032000000001
0,1.1999976

27.3082512
0,1.1999976
4.1099232,1.1999976
6.249924,2.4999696
7.5050904,5.7899807999999995
7.6949808,8.9949528
0,9.400032000000001
0,1.1999976

27.012900000000002
0,1.1999976
3.8898576000000005,1.1999976
6.070092,2.4999696
7.4849736,5.7948576
7.6849224000000005,8.9949528
0,9.400032000000001
0,1.1999976

26.759306400000003
0,1.1999976
3.6999672,1.1999976
5.950000800000001,2.4999696
7.459980000000001,5.7948576
7.6800456,8.9949528
0,9.400032000000001
0,1.1999976

26.5645392
0,1.1999976
3.579876,1.1999976
5.810097600000001,2.4999696
7.4349864000000006,5.8000392000000005
7.674864,8.9949528
0,9.400032000000001
0,1.1999976

26.4005568
0,1.1999976
3.4399728,1.1999976
5.590032,2.4999696
7.414869600000001,5.8000392000000005
7.6699872000000004,8.9949528
0,9.400032000000001
0,1.1999976

