2.3999952
0,4.2309288
0.0896112,4.2483024
0.2609088,4.3397424
0.2654808,4.431792
0.256032,4.4787312
0.2185416,4.5256704
0,4.568952
0,5.9204352
0.019507200000000002,5.9204352
2.4530304000000003,6.012180000000001
2.860548,6.0591192000000005
3.1504128000000002,6.106058400000001
3.3460944,6.147816000000001
3.5375088000000003,6.196584
3.898392,6.3114936
4.151376,6.4120776
4.3321224,6.4937640000000005
4.5271944,6.5913
4.615586400000001,6.6406776
5.2992528,7.0268592
5.5729632,7.2015096
6.0646056,7.5587352
6.4163448,7.8479904000000005
6.6178176,8.0384904
6.719316000000001,8.1506568
7.1015352,8.6404704
7.288072800000001,8.9035128
7.3188576,8.9522808
7.4045064,9.102852
7.5486768,9.4088712
7.637983200000001,9.6213168
8.490204,11.7735096
8.5353144,11.880494400000002
0,11.880494400000002

2.0897088
0,5.9966352
0.2267712,6.003036000000001
1.7769840000000001,6.0246768
2.1296376,6.0393072000000005
2.5258776000000003,6.0703968
2.94132,6.1240416
3.1461456,6.1606176
3.3460944,6.204508800000001
3.5414712,6.255410400000001
3.7273992,6.3121032
3.9124128000000002,6.3767208
4.0977312,6.4504824
4.2909744,6.5358264
4.5043344,6.640372800000001
4.9911,6.8985384000000005
5.2885848,7.069226400000001
5.5613808,7.2426576
5.751271200000001,7.374026400000001
6.123432,7.652308800000001
6.4096392,7.8891384
6.5806320000000005,8.0519016
6.6848735999999995,8.1668112
6.807708000000001,8.316468
7.1286624000000005,8.7285576
7.281672,8.944660800000001
7.353604800000001,9.065361600000001
7.5108816,9.3896688
7.5953112,9.585655200000001
8.3067144,11.3937288
8.5155024,11.881713600000001
0,11.881713600000001

1.3984224
0,6.120384
1.4045184,6.120384
1.8976848000000002,6.1331856
2.2902672,6.158484
2.5091136,6.180124800000001
2.7282648000000003,6.2078616
2.9461968,6.242304000000001
3.1623,6.2843664
3.3747456,6.3346584
3.5850576000000003,6.393789600000001
3.7907976,6.4608456
4.006291200000001,6.5413128
4.2507408,6.643725600000001
4.6265592,6.816852
5.0075592,7.0091808
5.3029104,7.1786496
5.6092344,7.375550400000001
5.8076592,7.51332
6.121908,7.7495400000000005
6.3303912,7.9229712
6.4977264,8.0814672
6.6178176,8.2119216
7.0253352,8.704783200000001
7.188098399999999,8.9208864
7.2655176,9.0446352
7.3353168,9.176308800000001
7.496251200000001,9.505797600000001
7.6099416,9.769144800000001
8.0113632,10.8197904
8.2503264,11.3976912
8.467953600000001,11.8853712
0,11.8853712

0.707136
0,6.199936800000001
0.499872,6.199936800000001
1.2103608000000001,6.2112144
1.5194280000000002,6.2160912
1.8790920000000002,6.231026400000001
2.2930104,6.2633352
2.5246584,6.289548000000001
2.7584400000000002,6.323076
2.9925264,6.3645288
3.2272224,6.4151256000000005
3.4649664000000002,6.4766952
3.7145976,6.5528952
4.0008048,6.653784
4.4833032,6.847332000000001
4.803648,6.9942456
5.128869600000001,7.1652384
5.4522624,7.36092
5.7531,7.565440800000001
6.0191904,7.7659992
6.2883288,7.991856
6.419392800000001,8.1159096
6.559296,8.2667856
6.9067680000000005,8.6752176
7.0795896,8.893149600000001
7.1634096,9.020860800000001
7.449312000000001,9.557004000000001
7.5815952,9.8459544
7.6248768,9.951110400000001
7.9479648,10.8149136
8.111947200000001,11.21664
8.374989600000001,11.8021608
8.4182712,11.8893336
0,11.8893336

0.0155448
0,6.306921600000001
0.1426464,6.2944248
1.0573512,6.293510400000001
1.3569696,6.299301600000001
1.7096232,6.314236800000001
2.1235416,6.345326400000001
2.3481792,6.369100800000001
2.6008584,6.402933600000001
2.8596336,6.4456055999999995
3.1275528,6.4995552000000005
3.4195512,6.5705736
3.7938456,6.679387200000001
4.224832800000001,6.8253864
4.5271944,6.9439536
4.880457600000001,7.1058024
5.1087528,7.227722400000001
5.3778912,7.3920096
5.6226456,7.562088
5.807964,7.7029056
6.2002416,8.0235552
6.344107200000001,8.1585816
6.49986,8.328660000000001
6.859524,8.7471504
6.9960744,8.9251536
7.0914768,9.0751152
7.151522400000001,9.1857576
7.3551288,9.5381064
7.4919839999999995,9.7984056
7.6410312000000005,10.1339904
7.9257144,10.90422
8.1314544,11.404092
8.3643216,11.893600800000002
0,11.893600800000002

-0
0,6.3084456
0.1606296,6.2959488
1.0613136,6.2953392
1.3621512000000002,6.3014352
1.7163288,6.316675200000001
2.1262848,6.3477648
2.3518368,6.3715392
2.6039064,6.4056768
2.8623768000000003,6.4483488
3.1366968,6.503822400000001
3.4280856,6.5748408000000005
3.80238,6.683654400000001
4.2315384,6.8293488
4.5339,6.9482208000000005
4.8844199999999995,7.10946
5.1127152,7.232294400000001
5.3794152,7.395362400000001
5.6317896,7.5718416
5.8149744000000005,7.7108304
6.199936800000001,8.025993600000001
6.344107200000001,8.161629600000001
6.504432,8.337194400000001
6.859524,8.7505032
6.995464800000001,8.928201600000001
7.097572800000001,9.0897456
7.159447200000001,9.2040456
7.3618344,9.5557848
7.497165600000001,9.813950400000001
7.6480416,10.155936
7.9290672,10.9154976
8.1345024,11.413236000000001
8.3631024,11.893600800000002
0,11.893600800000002

-0.6757416
0,6.3599568
0.9393936,6.3678816000000005
1.2323064000000001,6.375501600000001
1.5825216000000002,6.3919608000000006
2.0028408,6.424269600000001
2.2506432000000003,6.4501776
2.5097232000000003,6.4837055999999995
2.73558,6.5184528
2.9864304,6.5635632
3.5298888,6.684568800000001
3.7938456,6.7540632
4.177893600000001,6.870801600000001
4.527804000000001,7.001256
4.819192800000001,7.1368920000000005
5.0599848,7.2749664
5.291023200000001,7.4282808
5.445861600000001,7.5398376
6.0322968,7.992160800000001
6.114897600000001,8.0616552
6.1907928000000005,8.132064
6.344412000000001,8.295436800000001
6.7043808,8.706307200000001
6.8570856000000004,8.8943688
6.967728,9.0568272
7.365492,9.7267776
7.5105768,9.998964
7.6568808,10.3196136
7.7242416,10.4918256
7.952232,11.1151416
8.070494400000001,11.404396799999999
8.262823200000001,11.8116096
8.3085432,11.8984776
0,11.8984776

-1.3670280000000001
0,6.4181736
1.0293096,6.440119200000001
1.444752,6.460236
1.7672304,6.483096000000001
2.08026,6.5126616
2.4630888,6.557772000000001
2.871216,6.6184272
3.1808928,6.6726816
3.44424,6.725412
3.77952,6.805879200000001
4.0638984,6.8927472000000005
4.2577512,6.9683376
4.4080176,7.037832000000001
4.8076104,7.2539352
5.047183200000001,7.395972
5.362651200000001,7.6011024
5.5144416,7.706868
5.850026400000001,7.9586328
5.9463432,8.035747200000001
6.02742,8.10768
6.5413128,8.662416
6.7129152,8.8641936
6.8418456,9.042501600000001
6.925056,9.17448
7.263079200000001,9.7289112
7.476439200000001,10.1096064
7.575804000000001,10.3077264
7.6709016000000005,10.5149904
7.7391768,10.6783632
7.9787496,11.3199672
8.129016000000002,11.666829600000002
8.249412000000001,11.903659200000002
0,11.903659200000002

-2.0586192
0,6.4705992
0.9400032,6.4989456
1.5121128000000001,6.531254400000001
2.1034248,6.582156
2.519172,6.629704800000001
2.9023056,6.6870072
3.0915864,6.7244976
3.2631888,6.771132000000001
3.7036248,6.8674488
4.288536000000001,7.0780656
4.6311312000000004,7.2798432
4.8652176,7.3971912
5.0971703999999995,7.527036000000001
5.3160168,7.667244000000001
5.508955200000001,7.8050136000000006
5.7741312,8.0122776
5.9362848,8.1585816
6.380683200000001,8.6160864
6.5717928,8.8349328
6.7592448,9.092184
6.8159376,9.1799664
7.163104800000001,9.7465896
7.382865600000001,10.1291136
7.587386400000001,10.522915200000002
7.6837032,10.7283504
7.8653640000000005,11.162080800000002
8.0296512,11.5814856
8.1430368,11.8222776
8.1890616,11.9088408
0,11.9088408

-2.740152
0,6.518148000000001
0.7114032,6.544665600000001
1.2716256,6.583680000000001
2.101596,6.665976000000001
2.6008584,6.7357752
3.4247328000000006,6.9043296000000005
3.6463224,6.9543168
3.87096,6.995769600000001
4.0931592000000006,7.1118984
4.3034712,7.188403200000001
4.50342,7.2716136
4.6911768,7.360615200000001
4.8652176,7.4541888
5.0240184,7.549896
5.28828,7.7346048000000005
5.610758400000001,7.994294400000001
6.018276,8.3615784
6.236208,8.5731096
6.3715392,8.723376
6.524244,8.9160096
6.729069600000001,9.2150184
6.949135200000001,9.572244000000001
7.188098399999999,9.978847199999999
7.4090784,10.378135200000001
7.610856,10.7768136
7.7916024,11.1761016
7.959852,11.571732
8.126577600000001,11.9140224
0,11.9140224

-3.0001464
0,6.5184528
0.710184,6.5449704
1.2707112,6.5839848
2.101596,6.6662808
2.6011632000000002,6.7363848
3.4265616000000003,6.905244000000001
3.6481512,6.9552312
3.8718744,6.996379200000001
4.0922448000000005,7.112203200000001
4.3016424,7.188098399999999
4.5015912,7.2710040000000005
4.689348,7.359700800000001
4.863084000000001,7.453274400000001
5.021580000000001,7.5486768
5.2858415999999995,7.7333856
5.608929600000001,7.993380000000001
6.016447200000001,8.3603592
6.234684,8.571890400000001
6.369710400000001,8.7215472
6.52272,8.9144856
6.726936,9.21258
6.947001600000001,9.569196
7.186269600000001,9.976104
7.4078592,10.3763064
7.6096368000000005,10.7749848
7.790383200000001,11.1742728
7.9589376,11.5705128
8.1262728,11.9140224
0,11.9140224

-3.5000184000000005
0,6.49986
3.400044,6.900062400000001
4.8999648,7.599883200000001
6.199936800000001,8.4999576
7.100011200000001,9.9998784
7.953451200000001,11.5604544
8.1256632,11.9140224
0,11.9140224

