101.2999752
0,1.1999976
1.1999976,1.1999976
2.7998928000000003,2.599944
3.5999928000000003,4.200144
4.099864800000001,7.800136800000001
4.149852,11.693652000000002
0,11.7098064

101.20548720000001
0,1.1999976
1.1999976,1.1999976
2.7998928000000003,2.6999184000000005
3.5999928000000003,4.200144
4.099864800000001,7.800136800000001
4.149852,11.7085872
0,11.7085872

100.8223536
0,1.1999976
1.1999976,1.1999976
2.7998928000000003,2.599944
3.5999928000000003,4.200144
4.099864800000001,7.9001112000000004
4.149852,11.703710400000002
0,11.703710400000002

100.43891520000001
0,1.1999976
1.1999976,1.1999976
2.7998928000000003,2.599944
3.5999928000000003,4.200144
4.099864800000001,7.9001112000000004
4.149852,11.699443200000001
0,11.699443200000001

100.2999264
0,1.1999976
1.1999976,1.1999976
2.7998928000000003,2.599944
3.5999928000000003,4.200144
4.099864800000001,8.0000856
4.149852,11.692432799999999
0,11.6979192

