104
-11.483,4
0,37.929
26.094,37.928
26.659,39.088
0,39.088
-9.843,30
0,21.429
0,21.386
2.33,21.473
4.169,21.601
6.895,21.871
8.534,22.101
11.242,22.655
11.969,22.819
12.703,22.954
13.426,23.334
14.113,23.583
14.769,23.855
15.385,24.146
15.955,24.453
16.475,24.766
17.342,25.372
18.402,26.225
19.739,27.429
20.455,28.123
20.898,28.614
21.4,29.247
22.07,30.225
22.792,31.395
23.577,32.73
24.304,34.043
24.966,35.351
25.559,36.661
26.112,37.961
26.661,39.088
0,39.088
-8.99,30
0,21.428
0,21.385
2.334,21.472
4.172,21.6
6.895,21.87
8.533,22.099
11.236,22.652
11.963,22.816
12.7,22.952
13.429,23.333
14.119,23.584
14.775,23.857
15.391,24.149
15.962,24.456
16.483,24.77
17.35,25.376
18.408,26.228
19.745,27.433
20.46,28.127
20.904,28.62
21.405,29.252
22.077,30.233
22.799,31.405
23.583,32.739
24.308,34.049
24.97,35.357
25.563,36.667
26.115,37.965
26.662,39.088
0,39.088
-6.754,31
0,21.272
0,21.229
3.084,21.322
4.961,21.428
6.901,21.595
8.265,21.751
9.522,21.939
10.143,22.062
10.706,22.215
12.151,22.531
14.07,23.222
15.194,23.884
15.962,24.269
16.723,24.695
17.441,25.155
18.074,25.607
18.944,26.287
19.476,26.767
20.934,28.268
21.561,28.986
22.176,29.83
22.362,30.118
23.501,31.977
24.222,33.232
24.893,34.524
25.209,35.198
25.805,36.621
26.344,37.997
26.716,38.787
26.867,39.071
0,39.071
-4.485,34
0,21.1
0,21.057
3.377,21.129
4.74,21.195
5.798,21.27
6.825,21.367
8.081,21.515
9.42,21.714
10.436,21.892
11.3,22.065
12.4,22.329
13.333,22.614
13.969,22.862
14.462,23.09
15.773,23.799
16.559,24.265
17.594,24.938
18.092,25.285
19.193,26.111
19.509,26.364
19.775,26.6
21.461,28.42
22.024,29.082
22.447,29.667
22.72,30.1
23.829,31.919
24.529,33.168
24.855,33.818
25.167,34.498
25.391,35.034
26.177,37.139
26.67,38.277
27.065,39.054
0,39.054
-2.217,34
0,20.909
0,20.866
3.082,20.892
4.043,20.917
5.192,20.971
6.571,21.077
7.384,21.162
8.234,21.272
8.975,21.386
9.798,21.534
11.581,21.931
12.447,22.159
13.707,22.542
14.855,22.97
15.811,23.415
16.601,23.868
17.359,24.371
17.867,24.737
19.791,26.221
20.062,26.449
20.311,26.68
20.815,27.216
21.996,28.564
22.497,29.181
22.86,29.714
24.165,31.912
24.641,32.805
25.121,33.857
25.342,34.422
26.09,36.467
26.478,37.416
27.109,38.752
27.259,39.037
0,39.037
0,33
0,20.697
0.527,20.656
3.482,20.654
4.469,20.674
5.631,20.724
6.976,20.826
7.716,20.904
8.543,21.016
9.391,21.156
10.291,21.338
11.247,21.571
12.475,21.928
13.883,22.406
14.875,22.796
16.025,23.325
16.774,23.728
17.649,24.263
18.477,24.842
19.078,25.298
20.341,26.332
20.814,26.777
21.34,27.353
22.505,28.709
22.951,29.292
23.286,29.822
23.489,30.197
24.153,31.351
24.597,32.198
25.092,33.32
26.014,35.812
26.688,37.445
27.438,39.021
0,39.021
0.051,33
0,20.692
0.468,20.651
3.469,20.648
4.452,20.667
5.609,20.716
6.967,20.818
7.704,20.896
8.533,21.007
9.382,21.147
10.261,21.324
11.219,21.557
12.447,21.914
13.861,22.393
14.853,22.782
16.012,23.313
16.761,23.713
17.644,24.252
18.447,24.81
19.055,25.272
20.342,26.324
20.814,26.767
21.325,27.325
22.505,28.698
22.953,29.282
23.266,29.774
23.463,30.137
24.131,31.293
24.58,32.147
25.069,33.248
26.003,35.775
26.678,37.415
27.442,39.021
0,39.021
2.32,33
0,20.341
1.64,20.341
3.971,20.378
4.985,20.394
6.165,20.443
7.523,20.549
8.283,20.635
9.05,20.745
9.818,20.881
10.588,21.047
11.368,21.249
12.187,21.499
13.126,21.83
14.709,22.465
15.76,22.947
16.827,23.508
17.888,24.15
18.875,24.821
19.748,25.479
20.631,26.22
21.061,26.627
21.52,27.122
22.66,28.462
23.227,29.177
23.502,29.596
24.44,31.355
24.874,32.303
25.016,32.648
26.076,35.482
26.614,36.8
27.477,38.721
27.619,39.007
0,39.007
4.588,33
0,20.123
0,20.08
4.608,20.08
6.226,20.122
7.514,20.205
8.232,20.276
8.951,20.367
9.666,20.48
10.375,20.618
11.072,20.783
11.762,20.977
12.437,21.197
13.144,21.461
13.946,21.797
15.179,22.365
16.429,22.996
17.398,23.552
18.403,24.198
19.054,24.65
20.085,25.425
20.769,25.994
21.318,26.514
21.712,26.942
23.049,28.559
23.583,29.268
23.837,29.674
24.066,30.106
24.594,31.187
24.967,32.051
26.284,35.498
27.068,37.394
27.782,38.994
0,38.994
6.856,32
0,19.717
0,19.674
0.744,19.695
5.83,19.766
6.987,19.814
8.287,19.916
9.65,20.092
10.322,20.212
10.978,20.356
11.619,20.523
12.229,20.709
12.836,20.921
13.444,21.163
14.078,21.443
14.778,21.786
16.375,22.633
17.351,23.193
18.246,23.762
18.869,24.193
20.09,25.106
21.029,25.883
21.59,26.417
21.932,26.794
22.335,27.285
23.388,28.637
23.89,29.346
24.126,29.742
24.642,30.806
24.919,31.449
27.253,37.381
27.938,38.982
0,38.982
9.125,34
0,6.709
0.656,6.89
0.993,7.533
1.027,8.205
0.959,8.549
0.683,8.892
0,9.234
0,19.117
0.143,19.116
7.755,19.49
9.06,19.617
10.353,19.812
10.979,19.941
11.59,20.092
12.733,20.445
13.836,20.883
14.378,21.136
14.945,21.427
15.591,21.789
17.43,22.883
18.331,23.46
19.66,24.421
21.077,25.581
21.863,26.319
22.184,26.676
23.19,27.993
23.937,29.046
24.163,29.402
24.498,30.016
24.918,30.946
25.231,31.709
27.753,38.19
28.083,38.972
0,38.972
11.393,49
0,4.135
0.125,4.275
0.467,5.153
0.639,5.715
0.766,6.249
0.848,6.748
0.887,7.21
0.891,7.427
0.883,7.636
0.863,7.835
0.834,8.025
0.792,8.207
0.74,8.38
0.676,8.545
0.602,8.703
0.516,8.853
0.421,9
0.201,9.284
0,9.452
0,18.13
0.034,18.128
0.426,18.247
1.332,18.458
2.378,18.637
3.491,18.779
5.209,18.926
7.944,19.104
9.191,19.228
10.429,19.411
11.618,19.668
12.714,19.992
13.754,20.385
14.741,20.844
15.774,21.422
18.387,23.114
19.355,23.803
20.758,24.938
21.929,26.01
22.295,26.389
22.593,26.742
23.526,28.044
24.217,29.092
24.639,29.846
24.88,30.341
25.397,31.576
26.374,34.055
28,38.433
28.216,38.964
0,38.964
13.662,64
0,2.614
0,2.571
0.132,2.726
0.451,3.223
0.746,3.766
1.124,4.617
1.323,5.184
1.476,5.733
1.587,6.256
1.655,6.749
1.684,7.211
1.674,7.643
1.626,8.049
1.542,8.425
1.486,8.605
1.423,8.779
1.272,9.113
0.596,10.329
0.399,10.764
0.217,11.263
0,11.949
0,14.789
0.246,15.516
0.371,15.812
0.523,16.104
0.71,16.393
0.798,16.498
0.845,16.568
1.089,16.816
1.241,16.954
1.416,17.09
1.61,17.223
1.828,17.354
2.069,17.48
2.632,17.723
3.298,17.945
4.06,18.14
5.342,18.378
6.788,18.555
8.751,18.752
9.939,18.905
11.107,19.115
12.209,19.389
13.238,19.722
14.202,20.11
15.125,20.557
16.059,21.095
16.565,21.422
19.266,23.329
19.94,23.846
20.922,24.681
21.923,25.621
22.709,26.445
22.99,26.797
23.856,28.085
24.493,29.123
24.781,29.66
25.125,30.368
25.602,31.505
26.363,33.41
27.254,35.875
28.133,38.424
28.338,38.958
0,38.958
15.93,67
0,1.578
0,1.535
0.095,1.613
0.545,2.106
0.872,2.529
1.194,3.016
1.496,3.547
1.764,4.103
1.992,4.664
2.176,5.218
2.314,5.753
2.409,6.264
2.464,6.751
2.482,7.213
2.467,7.652
2.421,8.069
2.347,8.468
2.247,8.851
1.713,10.366
1.588,10.804
1.487,11.29
1.419,11.821
1.39,12.385
1.409,12.966
1.439,13.257
1.483,13.544
1.543,13.83
1.619,14.111
1.711,14.386
1.821,14.657
1.949,14.923
2.096,15.187
2.254,15.439
2.448,15.708
2.782,16.096
3.048,16.353
3.358,16.608
3.721,16.858
4.143,17.101
4.631,17.334
5.19,17.551
5.814,17.747
6.911,17.999
10.073,18.481
11.192,18.692
12.256,18.957
13.253,19.273
14.187,19.637
15.072,20.047
15.94,20.516
16.829,21.077
17.321,21.424
20.288,23.696
21.17,24.472
22.119,25.403
22.95,26.297
23.251,26.664
23.507,27.029
24.388,28.457
24.949,29.49
25.363,30.347
25.856,31.51
26.547,33.28
27.158,35.023
28.167,38.162
28.447,38.953
0,38.953
18.198,69
0,0.777
0,0.734
0.791,1.414
1.097,1.721
1.427,2.103
1.763,2.556
2.087,3.062
2.381,3.603
2.64,4.158
2.855,4.713
3.025,5.254
3.149,5.776
3.23,6.276
3.274,6.756
3.284,7.216
3.244,7.875
3.156,8.507
2.761,10.361
2.7,10.814
2.669,11.299
2.674,11.817
2.721,12.359
2.762,12.634
2.882,13.179
2.962,13.446
3.055,13.708
3.163,13.963
3.285,14.211
3.418,14.451
3.432,14.47
3.544,14.656
3.598,14.722
3.695,14.871
4.12,15.373
4.579,15.831
4.991,16.177
5.306,16.41
5.661,16.639
6.061,16.865
6.279,16.975
6.761,17.186
7.306,17.385
7.608,17.477
8.669,17.736
10.743,18.14
11.799,18.384
12.791,18.667
13.733,18.997
14.61,19.361
15.455,19.769
16.283,20.226
17.12,20.753
17.939,21.339
20.476,23.396
21.444,24.268
22.094,24.924
22.975,25.889
23.501,26.514
23.762,26.871
24.331,27.815
24.886,28.811
25.613,30.318
26.143,31.578
26.458,32.399
26.874,33.555
27.484,35.458
28.365,38.414
28.545,38.951
0,38.951
20.467,69
0,0.173
0,0.13
0.09,0.203
0.355,0.441
0.509,0.559
1.145,0.975
1.441,1.202
1.771,1.502
2.121,1.88
2.472,2.331
2.807,2.838
3.116,3.379
3.388,3.936
3.614,4.489
3.795,5.029
3.931,5.549
4.021,6.049
4.074,6.529
4.091,6.993
4.048,7.886
3.792,9.853
3.747,10.542
3.755,11.026
3.801,11.531
3.892,12.056
4.029,12.587
4.213,13.106
4.321,13.357
4.439,13.6
4.463,13.638
4.542,13.792
4.603,13.883
4.675,14.011
4.755,14.12
4.818,14.219
5.21,14.695
5.696,15.192
6.395,15.804
6.816,16.122
7.305,16.444
7.683,16.656
8.115,16.864
8.618,17.065
9.565,17.358
11.845,17.934
12.806,18.22
13.724,18.544
14.58,18.897
15.406,19.287
16.209,19.714
17.007,20.186
17.83,20.727
18.805,21.463
21.18,23.533
21.745,24.074
22.537,24.916
23.731,26.332
24.016,26.712
24.253,27.08
24.677,27.83
25.352,29.147
25.875,30.29
26.116,30.86
26.444,31.694
26.997,33.268
27.575,35.171
28.462,38.412
28.63,38.95
0,38.95
22.735,74
0,0
0,-0.043
0.311,-0.043
0.718,0.253
0.93,0.382
1.695,0.767
1.86,0.865
2.033,0.979
2.212,1.114
2.418,1.286
2.586,1.443
2.775,1.639
2.964,1.855
3.33,2.338
3.673,2.869
3.979,3.426
4.243,3.988
4.463,4.541
4.636,5.073
4.763,5.584
4.845,6.072
4.89,6.543
4.897,7.225
4.874,7.672
4.718,9.488
4.706,10.204
4.736,10.698
4.809,11.206
4.929,11.726
5.006,11.987
5.031,12.053
5.07,12.185
5.126,12.318
5.169,12.442
5.232,12.58
5.277,12.696
5.351,12.84
5.395,12.942
5.481,13.093
5.522,13.18
5.621,13.341
5.656,13.408
5.939,13.82
6.265,14.222
6.615,14.59
7.614,15.485
8.112,15.875
8.399,16.078
8.727,16.283
9.107,16.49
9.559,16.699
10.109,16.912
12.355,17.616
13.694,18.088
14.944,18.622
16.134,19.225
17.301,19.904
18.16,20.46
19.038,21.092
19.642,21.596
21.863,23.682
22.59,24.459
23.571,25.639
24.257,26.531
24.503,26.899
25.021,27.836
25.651,29.137
26.137,30.256
26.612,31.473
27.125,32.999
27.687,34.971
28.547,38.413
28.703,38.951
0,38.951
25.003,64
0,0
0,-0.043
0.731,-0.043
0.793,-0.023
1.416,0.269
2.171,0.563
2.357,0.651
2.552,0.755
2.754,0.879
2.961,1.025
3.169,1.193
3.377,1.382
3.583,1.594
3.785,1.826
4.166,2.339
4.513,2.894
4.819,3.467
5.081,4.038
5.386,4.858
5.529,5.373
5.63,5.863
5.689,6.332
5.714,6.787
5.702,7.454
5.605,9.059
5.608,9.793
5.648,10.299
5.732,10.816
5.831,11.23
5.95,11.605
6.113,12.025
6.349,12.515
6.634,13.002
6.945,13.452
7.272,13.858
7.774,14.392
8.878,15.394
9.366,15.771
9.831,16.074
10.216,16.285
10.693,16.509
13.636,17.622
14.871,18.158
16.05,18.748
16.865,19.201
18.4,20.149
19.289,20.766
19.973,21.308
20.504,21.799
22.482,23.805
23.033,24.441
23.389,24.881
24.475,26.321
24.858,26.897
25.508,28.145
25.812,28.807
26.396,30.219
26.605,30.763
27.063,32.112
27.446,33.409
27.798,34.789
28.685,38.664
28.765,38.954
0,38.954
27.272,65
0,0
0,-0.043
1.109,-0.043
1.303,-0.014
2.77,0.449
2.99,0.541
3.215,0.651
3.446,0.785
3.678,0.941
3.91,1.122
4.137,1.326
4.359,1.551
4.573,1.797
4.778,2.06
5.154,2.621
5.486,3.206
5.894,4.079
6.195,4.901
6.337,5.413
6.437,5.898
6.498,6.359
6.527,6.805
6.529,7.243
6.475,8.827
6.501,9.567
6.559,10.081
6.605,10.341
6.696,10.739
6.817,11.135
7.026,11.662
7.283,12.175
7.579,12.664
8.06,13.332
9.014,14.419
9.685,15.072
10.112,15.435
10.238,15.53
10.687,15.83
11.072,16.049
12.209,16.579
13.586,17.157
14.369,17.499
15.172,17.878
15.952,18.274
16.715,18.691
17.471,19.13
18.82,19.973
20.039,20.835
20.641,21.336
21.115,21.8
22.599,23.392
23.043,23.901
23.793,24.857
24.963,26.508
25.199,26.888
25.547,27.548
25.969,28.46
26.172,28.941
26.727,30.404
27.089,31.482
27.573,33.195
27.937,34.752
28.627,38.157
28.817,38.958
0,38.958
29.54,65
0,0
0,-0.043
1.477,-0.043
1.701,-0.033
1.824,-0.02
2.056,0.023
3.1,0.281
3.339,0.358
3.589,0.454
3.847,0.571
4.108,0.711
4.367,0.877
4.623,1.067
4.871,1.281
5.109,1.517
5.335,1.774
5.549,2.046
5.935,2.625
6.27,3.224
6.676,4.108
6.977,4.935
7.121,5.446
7.226,5.928
7.318,6.606
7.348,7.254
7.357,8.812
7.391,9.296
7.461,9.799
7.573,10.314
7.655,10.597
7.834,11.092
8.071,11.605
8.346,12.1
8.968,13.022
9.732,14.008
10.169,14.517
10.615,14.965
10.941,15.241
11.362,15.545
11.933,15.888
13.467,16.644
15.066,17.403
15.834,17.794
16.601,18.209
17.361,18.643
18.213,19.154
19.43,19.937
20.277,20.537
20.95,21.075
21.411,21.502
21.748,21.858
23.069,23.375
23.503,23.906
24.024,24.607
24.691,25.571
25.417,26.684
25.747,27.29
26.264,28.445
26.511,29.076
26.974,30.404
27.379,31.749
27.861,33.725
28.741,38.423
28.862,38.963
0,38.963
31.809,62
0,0
0,-0.043
1.894,-0.043
2.223,-0.034
2.47,-0.007
3.375,0.159
3.901,0.303
4.184,0.403
4.474,0.526
4.765,0.674
5.05,0.845
5.329,1.042
5.595,1.262
5.849,1.503
6.085,1.764
6.307,2.041
6.513,2.332
6.876,2.929
7.184,3.534
7.441,4.123
7.738,4.953
7.945,5.709
8.073,6.402
8.145,7.052
8.247,8.787
8.349,9.498
8.461,9.991
8.616,10.493
8.818,10.997
9.063,11.496
9.496,12.225
10.572,13.76
11.023,14.337
11.359,14.708
11.667,14.996
12.058,15.303
12.51,15.608
13.489,16.162
16.084,17.505
17.231,18.146
18.402,18.845
19.204,19.352
20.061,19.93
21.053,20.671
21.655,21.189
22.094,21.635
22.217,21.773
23.457,23.283
24.066,24.085
24.41,24.581
25.196,25.79
25.839,26.854
26.175,27.529
26.424,28.111
26.777,29.059
27.254,30.569
27.534,31.597
27.82,32.82
28.113,34.321
28.69,37.893
28.9,38.969
0,38.969
34.077,61
0,0
0,-0.043
2.455,-0.042
2.89,-0.021
3.631,0.084
4.176,0.2
4.48,0.283
4.797,0.387
5.117,0.514
5.437,0.665
5.747,0.841
6.047,1.04
6.331,1.262
6.597,1.507
6.844,1.769
7.071,2.046
7.278,2.336
7.469,2.634
7.801,3.238
8.077,3.836
8.401,4.688
8.635,5.468
8.838,6.407
8.956,7.271
9.126,8.776
9.259,9.468
9.388,9.948
9.557,10.438
9.769,10.932
10.022,11.426
10.625,12.397
11.72,13.95
12.041,14.355
12.313,14.656
12.64,14.968
13.063,15.303
13.631,15.684
14.731,16.322
16.709,17.417
17.871,18.095
18.661,18.578
19.977,19.44
20.769,20.003
21.824,20.845
22.328,21.32
22.771,21.816
23.829,23.19
24.512,24.154
25.057,25.012
25.787,26.225
26.198,26.965
26.531,27.686
26.988,28.914
27.167,29.505
27.484,30.653
27.789,31.932
28.076,33.415
28.305,34.853
28.651,37.32
28.931,38.975
0,38.975
36.345,57
0,0
0,-0.043
2.84,-0.043
3.323,-0.027
4.14,0.074
4.744,0.195
5.08,0.283
5.427,0.391
5.776,0.522
6.121,0.676
6.454,0.853
6.773,1.054
7.072,1.276
7.348,1.519
7.603,1.779
7.834,2.056
8.043,2.343
8.232,2.638
8.405,2.937
8.701,3.536
9.047,4.403
9.373,5.456
9.591,6.399
9.673,6.843
9.992,8.78
10.152,9.462
10.295,9.932
10.476,10.413
10.699,10.899
11.108,11.635
11.917,12.844
12.727,13.972
13.073,14.403
13.376,14.729
13.614,14.954
14.058,15.315
14.889,15.88
18.118,17.807
18.902,18.297
19.705,18.825
21,19.741
22.035,20.565
22.658,21.138
23.129,21.659
24.04,22.888
24.705,23.863
25.429,25.05
26.301,26.609
26.67,27.363
27.116,28.547
27.301,29.165
27.694,30.742
27.947,31.96
28.177,33.316
28.781,37.906
28.957,38.982
0,38.982
38.614,55
0,0
0,-0.043
3.452,-0.041
3.948,-0.018
4.667,0.074
5.325,0.201
6.065,0.403
6.44,0.536
6.808,0.692
7.163,0.871
7.497,1.07
7.809,1.292
8.096,1.532
8.356,1.791
8.59,2.063
8.8,2.347
8.988,2.637
9.158,2.932
9.445,3.522
9.78,4.38
10.033,5.178
10.285,6.152
10.85,8.792
11.037,9.467
11.286,10.166
11.497,10.643
11.894,11.373
12.71,12.604
13.735,14.016
14.215,14.586
14.572,14.942
15.025,15.325
16.223,16.158
18.74,17.747
19.534,18.272
20.355,18.84
21.223,19.479
22.227,20.284
22.875,20.869
23.333,21.351
23.671,21.766
24.48,22.936
25.217,24.106
25.697,24.952
26.399,26.268
26.813,27.102
27.188,28.059
27.47,28.988
27.835,30.614
28.041,31.711
28.244,33.029
28.374,34.048
28.745,37.334
28.978,38.99
0,38.99
40.882,53
0,0
0,-0.043
3.893,-0.041
4.436,-0.018
5.213,0.078
5.92,0.211
6.708,0.418
7.107,0.553
7.494,0.709
7.865,0.886
8.214,1.086
8.536,1.305
8.831,1.542
9.096,1.795
9.333,2.063
9.543,2.341
9.729,2.627
9.896,2.916
10.176,3.497
10.502,4.345
10.824,5.393
11.642,8.587
11.916,9.482
12.184,10.173
12.534,10.885
13.14,11.868
14.555,13.833
15.144,14.552
15.506,14.923
15.954,15.323
16.991,16.097
19.353,17.693
20.159,18.26
20.994,18.873
21.911,19.591
23.043,20.576
23.552,21.093
23.931,21.542
24.43,22.254
25.021,23.2
25.388,23.821
25.751,24.477
26.419,25.779
27.042,27.079
27.3,27.738
27.585,28.661
27.802,29.615
28.009,30.743
28.148,31.597
28.311,32.789
28.789,37.392
28.994,38.997
0,38.997
43.15,51
0,0
0,-0.043
4.357,-0.041
4.949,-0.018
5.778,0.083
6.528,0.22
7.355,0.43
7.77,0.565
8.174,0.72
8.558,0.896
8.917,1.092
9.248,1.307
9.548,1.54
9.815,1.789
10.053,2.051
10.262,2.322
10.446,2.602
10.61,2.885
10.885,3.455
11.205,4.292
11.38,4.827
12.414,8.382
12.794,9.503
13.082,10.189
13.449,10.897
14.074,11.881
15.542,13.887
16.048,14.509
16.543,15.027
17.185,15.596
18.513,16.6
19.955,17.647
20.77,18.259
22.114,19.327
23.224,20.309
23.886,20.987
24.269,21.45
24.599,21.918
25.317,23.112
25.7,23.802
26.037,24.454
26.603,25.625
27.351,27.303
27.64,28.176
27.868,29.095
28.155,30.854
28.294,31.885
28.453,33.301
28.814,37.35
29.008,39.005
0,39.005
45.419,51
0,0
0,-0.043
4.852,-0.041
5.495,-0.017
6.369,0.085
7.147,0.223
8.001,0.432
8.429,0.566
8.842,0.718
9.234,0.892
9.599,1.084
9.935,1.295
10.238,1.522
10.507,1.765
10.743,2.02
10.952,2.286
11.134,2.558
11.295,2.835
11.44,3.115
11.79,3.949
12.154,5.016
12.93,7.468
13.579,9.301
13.981,10.211
14.366,10.916
15.19,12.155
16.513,13.943
17.153,14.718
17.683,15.266
18.967,16.367
20.954,17.937
22.306,19.057
22.822,19.509
23.403,20.049
24.199,20.88
24.621,21.41
24.82,21.697
25.295,22.483
25.673,23.171
26.033,23.87
26.355,24.537
26.932,25.831
27.536,27.283
27.809,28.16
27.954,28.763
28.09,29.553
28.274,30.926
28.435,32.369
28.842,37.358
29.015,39.012
0,39.012
47.687,45
0,0
0,-0.043
5.62,-0.038
6.338,0.005
7.366,0.143
8.21,0.312
9.077,0.553
9.494,0.703
9.887,0.871
10.254,1.058
10.589,1.263
10.891,1.483
11.159,1.718
11.394,1.967
11.6,2.226
11.782,2.492
11.943,2.763
12.216,3.312
12.646,4.4
13.808,7.694
14.448,9.328
14.883,10.239
15.438,11.185
16.316,12.444
17.668,14.263
18.354,15.076
19.265,15.976
22.006,18.348
23.001,19.24
23.912,20.13
24.505,20.785
24.935,21.342
25.201,21.75
25.639,22.527
26.315,23.886
27.323,26.286
27.669,27.178
27.844,27.729
28.066,28.639
28.181,29.31
28.384,31.067
28.548,32.827
28.866,37.367
29.022,39.019
0,39.019
49.956,44
0,0
0,-0.043
6.198,-0.038
6.959,0.003
8.005,0.138
8.852,0.301
9.717,0.534
10.13,0.679
10.522,0.841
10.885,1.022
11.216,1.219
11.514,1.432
11.779,1.661
12.012,1.902
12.216,2.152
12.397,2.412
12.557,2.677
12.835,3.216
13.184,4.029
14.803,8.176
15.424,9.589
15.915,10.511
16.697,11.723
18.586,14.336
19.38,15.312
20.101,16.074
21.139,17.068
23.003,18.796
24.235,20.038
24.92,20.843
25.165,21.176
25.602,21.885
25.946,22.54
26.553,23.843
26.786,24.395
27.228,25.535
27.805,27.115
28.046,27.968
28.231,28.889
28.351,29.95
28.497,31.431
28.885,37.376
29.028,39.024
0,39.024
52.224,40
0,0
0,-0.043
6.797,-0.038
7.916,0.033
9.068,0.203
9.925,0.394
10.347,0.515
10.753,0.654
11.137,0.81
11.493,0.984
11.819,1.175
12.112,1.381
12.373,1.602
12.603,1.835
12.806,2.079
12.986,2.331
13.15,2.59
13.565,3.389
15.724,8.431
16.293,9.632
16.961,10.804
17.971,12.296
19.463,14.421
20.465,15.708
21.17,16.49
23.714,19.048
24.802,20.244
25.308,20.9
25.673,21.463
25.975,22.012
26.417,22.941
26.864,24.002
27.164,24.803
27.944,27.095
28.169,27.951
28.335,28.873
28.585,31.723
28.901,37.383
29.031,39.028
0,39.028
54.492,41
0,0
0,-0.043
7.409,-0.038
8.254,0.001
9.311,0.128
10.137,0.282
10.969,0.5
11.367,0.635
11.741,0.787
12.089,0.955
12.407,1.14
12.695,1.34
12.952,1.553
13.179,1.781
13.382,2.018
13.565,2.265
13.732,2.518
14.166,3.304
15.206,5.479
16.534,8.454
17.147,9.691
17.849,10.886
20.484,14.799
21.108,15.661
21.862,16.58
24.322,19.242
25.151,20.229
25.584,20.823
25.97,21.454
26.381,22.274
26.842,23.359
27.212,24.362
27.578,25.48
28.066,27.076
28.272,27.935
28.423,28.858
28.658,32.032
28.882,36.777
29.01,38.75
29.037,39.03
0,39.03
56.761,43
0,0
0,-0.043
8.027,-0.038
8.913,0.001
9.97,0.129
10.778,0.283
11.586,0.499
11.972,0.632
12.336,0.78
12.676,0.945
12.988,1.125
13.271,1.32
13.525,1.529
13.754,1.75
13.958,1.982
14.145,2.223
14.475,2.725
14.773,3.248
15.764,5.156
16.311,6.278
17.329,8.486
17.985,9.765
18.717,10.994
20.234,13.294
21.441,15.196
22.048,16.067
23.025,17.286
24.765,19.288
25.488,20.212
25.88,20.793
26.252,21.446
26.641,22.277
27.019,23.214
27.347,24.159
27.601,24.988
28.178,27.057
28.366,27.918
28.5,28.843
28.732,32.664
28.897,36.783
28.996,38.51
29.039,39.03
0,39.03
59.029,40
0,0
0,-0.043
8.645,-0.038
9.573,0.003
10.625,0.136
11.414,0.292
12.2,0.51
12.574,0.643
12.93,0.791
13.261,0.954
13.568,1.133
13.847,1.325
14.102,1.53
14.332,1.747
14.541,1.975
14.733,2.212
15.08,2.707
15.397,3.224
16.154,4.579
16.746,5.703
18.244,8.804
18.947,10.116
21.028,13.441
22.334,15.603
22.917,16.467
23.822,17.647
24.951,19.033
25.668,19.982
26.066,20.592
26.522,21.438
26.945,22.412
27.289,23.353
27.592,24.334
27.883,25.429
28.341,27.309
28.536,28.521
28.616,29.489
29.005,38.566
29.042,39.027
0,39.027
61.297,39
0,0
0,-0.043
9.259,-0.037
10.225,0.007
11.272,0.147
12.041,0.311
12.804,0.534
13.169,0.668
13.516,0.817
13.841,0.982
14.145,1.159
14.424,1.35
14.68,1.554
14.914,1.767
15.13,1.992
15.329,2.226
15.694,2.716
16.031,3.228
16.513,4.029
16.986,4.858
17.447,5.708
19.153,9.144
20.051,10.762
21.63,13.346
22.995,15.723
23.719,16.846
25.689,19.517
26.246,20.379
26.55,20.939
26.912,21.734
27.273,22.681
27.54,23.496
27.864,24.729
28.374,27.02
28.565,28.196
28.652,29.137
28.922,36.79
29.042,39.022
0,39.022
63.566,43
0,0
0,-0.043
9.868,-0.036
10.867,0.013
11.549,0.099
12.282,0.24
13.032,0.441
13.4,0.564
13.755,0.702
14.094,0.853
14.415,1.018
14.715,1.196
14.995,1.387
15.254,1.589
15.494,1.802
15.717,2.025
16.123,2.496
16.838,3.511
17.173,4.047
17.663,4.873
18.44,6.3
19.898,9.213
20.818,10.899
22.345,13.514
23.775,16.104
24.452,17.196
25.877,19.271
26.419,20.156
26.811,20.924
27.147,21.731
27.529,22.817
27.767,23.641
27.886,24.129
28.104,25.157
28.503,27.274
28.653,28.49
28.706,29.3
28.723,29.933
28.724,29.946
28.931,36.79
29.007,38.495
29.044,39.013
0,39.013
65.834,38
0,0
0,-0.043
10.469,-0.035
11.494,0.021
12.175,0.113
12.894,0.263
13.624,0.471
14.328,0.738
14.661,0.892
14.977,1.059
15.277,1.238
15.558,1.429
15.821,1.631
16.068,1.843
16.299,2.065
16.724,2.532
17.298,3.28
17.997,4.342
18.655,5.457
19.122,6.318
20.921,9.864
23.151,13.918
24.345,16.195
25.119,17.513
26.218,19.258
26.703,20.134
27.131,21.084
27.424,21.878
27.838,23.217
28.011,23.951
28.192,24.915
28.533,26.984
28.702,28.475
28.751,29.473
28.938,36.789
29.024,38.728
29.045,39.003
0,39.003
68.103,35
0,0
0,-0.043
10.616,-0.039
11.768,-0.001
12.441,0.073
13.134,0.2
13.847,0.387
14.548,0.632
14.887,0.775
15.214,0.931
15.527,1.1
15.826,1.28
16.11,1.471
16.378,1.674
16.871,2.106
17.315,2.57
17.918,3.313
18.469,4.098
18.986,4.915
19.63,6.043
20.239,7.205
21.912,10.525
23.883,14.285
25.014,16.525
26.662,19.465
27.149,20.51
27.425,21.243
27.845,22.57
28.078,23.493
28.224,24.292
28.601,26.967
28.743,28.458
28.944,36.808
29.044,38.992
0,38.992
70.371,32
0,0
0,-0.043
11.189,-0.038
12.353,0.007
13.032,0.087
13.717,0.221
14.414,0.414
15.098,0.665
15.753,0.967
16.362,1.318
16.648,1.51
17.181,1.923
17.666,2.371
18.112,2.846
18.721,3.598
19.452,4.659
20.115,5.766
20.429,6.334
21.182,7.796
25.626,16.821
26.628,18.762
27.146,19.871
27.523,20.869
27.918,22.171
28.155,23.093
28.31,23.941
28.664,26.95
28.761,28.13
28.792,28.76
28.946,36.775
29.044,38.981
0,38.981
72.639,31
0,0
0,-0.043
11.757,-0.036
12.918,0.017
13.596,0.104
14.276,0.244
14.958,0.44
15.629,0.694
16.273,0.997
16.88,1.349
17.447,1.742
17.969,2.172
18.453,2.632
19.111,3.365
19.886,4.402
20.408,5.21
21.046,6.321
21.499,7.182
26.844,18.507
27.233,19.407
27.547,20.254
27.843,21.215
28.131,22.315
28.334,23.226
28.46,24.102
28.741,27.21
28.82,28.744
28.947,36.783
29.01,38.479
29.045,38.97
0,38.97
74.908,33
0,0
0,-0.043
12.318,-0.034
13.461,0.029
14.139,0.122
14.813,0.267
15.484,0.466
16.141,0.718
16.777,1.02
17.384,1.371
17.957,1.763
18.495,2.192
18.995,2.65
19.678,3.378
20.288,4.144
21.005,5.202
21.643,6.296
22.38,7.725
23.388,9.892
26.864,17.777
27.327,18.925
27.633,19.798
27.819,20.406
27.981,21.012
28.369,22.668
28.503,23.44
28.543,23.781
28.785,27.195
28.836,28.408
28.935,36.122
28.998,38.244
29.045,38.961
0,38.961
77.167,34
0,0
0,-0.043
12.668,-0.035
13.754,0.017
14.205,0.068
15.087,0.228
15.526,0.341
15.966,0.479
16.393,0.636
16.816,0.817
17.23,1.019
18.022,1.48
18.766,2.013
19.438,2.585
20.061,3.206
20.638,3.869
21.17,4.573
21.627,5.259
22.054,5.971
22.452,6.696
22.825,7.434
23.208,8.239
23.575,9.061
26.839,16.877
27.318,18.107
27.713,19.289
28.017,20.406
28.334,21.809
28.565,23.021
28.612,23.368
28.675,24.091
28.847,27.867
29.042,38.953
0,38.953
77.176,34
0,0
0,-0.043
12.669,-0.035
13.755,0.017
14.648,0.138
15.088,0.228
15.526,0.341
15.965,0.478
16.394,0.636
16.816,0.816
17.229,1.018
17.63,1.239
18.022,1.479
18.767,2.012
19.44,2.585
20.063,3.205
20.639,3.868
21.171,4.571
21.629,5.259
22.056,5.97
22.455,6.698
22.827,7.433
23.211,8.241
23.576,9.058
26.839,16.873
27.32,18.109
27.713,19.287
28.018,20.406
28.334,21.806
28.566,23.022
28.676,24.092
28.847,27.865
29.042,38.953
0,38.953
77.186,34
0,0
0,-0.043
12.671,-0.035
13.756,0.017
14.649,0.138
15.089,0.228
15.526,0.341
15.965,0.478
16.394,0.636
16.816,0.815
17.229,1.017
17.63,1.238
18.022,1.478
18.767,2.011
19.441,2.584
20.064,3.203
20.64,3.867
21.172,4.57
21.63,5.257
22.057,5.969
22.456,6.697
22.829,7.432
23.213,8.24
23.578,9.057
27.087,17.489
27.538,18.735
27.873,19.844
28.151,20.967
28.503,22.65
28.612,23.368
28.676,24.091
28.847,27.866
28.872,29.569
0,30.883
92.091,31
0,0
0,-0.043
16.152,-0.035
16.588,-0.017
17.314,0.092
18.388,0.317
18.885,0.461
19.362,0.633
19.788,0.815
20.629,1.246
21.466,1.757
22.279,2.324
23.034,2.925
23.72,3.554
24.314,4.189
24.81,4.812
25.246,5.451
25.626,6.106
25.944,6.76
26.223,7.448
26.582,8.575
26.791,9.388
26.983,10.228
27.638,13.447
28.274,16.271
28.452,17.282
28.532,17.947
28.889,22.634
28.901,22.947
28.914,29.569
0,30.883
107.004,29
0,0
0,-0.043
19.045,-0.039
19.273,-0.032
20.433,0.112
20.987,0.231
21.239,0.302
21.478,0.383
21.931,0.57
22.328,0.766
23.105,1.213
24.281,1.981
25.012,2.516
25.688,3.08
25.993,3.368
26.27,3.657
26.521,3.945
26.747,4.233
26.947,4.515
27.306,5.103
27.609,5.71
27.853,6.317
28.051,6.949
28.206,7.614
28.367,8.686
28.467,9.849
28.815,16.569
28.914,29.569
0,30.883
121.918,30
0,0
0,-0.043
20.634,-0.038
21.449,0.007
22.058,0.077
22.66,0.189
22.932,0.26
23.438,0.43
23.676,0.529
24.092,0.728
24.492,0.951
25.235,1.431
25.942,1.953
26.562,2.472
27.101,3.006
27.333,3.274
27.538,3.542
27.715,3.81
27.87,4.08
28.001,4.348
28.117,4.622
28.228,4.931
28.41,5.564
28.612,6.562
28.71,7.267
28.78,7.989
28.823,8.725
28.848,9.479
28.914,29.569
0,30.883
136.832,30
0,0
0,-0.043
21.527,-0.037
22.522,0.009
23.151,0.076
23.762,0.182
24.308,0.325
24.811,0.504
25.239,0.698
25.643,0.916
26.016,1.148
26.368,1.397
26.7,1.656
27.011,1.925
27.285,2.187
27.535,2.451
27.76,2.717
27.958,2.983
28.127,3.246
28.268,3.509
28.383,3.773
28.475,4.038
28.547,4.306
28.607,4.583
28.703,5.235
28.819,6.655
28.858,7.421
28.901,8.956
28.914,29.569
0,30.883
151.745,27
0,0
0,-0.043
22.321,-0.032
23.29,0.026
23.842,0.094
24.382,0.194
24.875,0.325
25.338,0.488
25.741,0.668
26.127,0.874
26.483,1.099
26.822,1.343
27.14,1.605
27.435,1.879
27.694,2.15
27.925,2.424
28.131,2.704
28.306,2.985
28.452,3.266
28.567,3.546
28.655,3.825
28.721,4.108
28.767,4.389
28.8,4.679
28.845,5.354
28.914,29.569
0,30.883
166.659,28
0,0
0,-0.043
22.27,-0.038
22.993,-0.026
23.436,0.004
23.81,0.05
24.241,0.123
24.668,0.221
25.073,0.341
25.469,0.489
25.826,0.653
26.178,0.844
26.512,1.056
26.837,1.292
27.147,1.549
27.441,1.824
27.701,2.1
27.936,2.385
28.147,2.682
28.327,2.983
28.475,3.287
28.593,3.593
28.682,3.9
28.748,4.208
28.826,4.819
28.864,5.515
28.914,29.569
0,30.883
181.573,29
0,0
0,-0.043
22.688,-0.035
23.413,-0.02
23.645,-0.003
23.813,0.019
24.121,0.075
24.822,0.26
25.162,0.378
25.506,0.52
25.825,0.673
26.146,0.852
26.458,1.05
26.768,1.271
27.07,1.514
27.36,1.778
27.621,2.047
27.859,2.33
28.075,2.629
28.261,2.939
28.418,3.257
28.544,3.58
28.641,3.906
28.714,4.236
28.804,4.885
28.854,5.603
28.892,7.002
28.914,29.569
0,30.883
196.486,28
0,0
0,-0.043
22.749,-0.034
23.477,-0.017
23.709,0.002
23.873,0.026
24.168,0.089
24.502,0.179
25.154,0.407
25.482,0.548
25.786,0.696
26.395,1.051
26.696,1.259
26.991,1.486
27.277,1.735
27.535,1.99
27.774,2.262
27.992,2.555
28.184,2.861
28.347,3.18
28.482,3.51
28.588,3.844
28.672,4.187
28.78,4.86
28.846,5.603
28.878,6.312
28.914,29.569
0,30.883
211.4,31
0,0
0,-0.043
22.374,-0.036
23.107,-0.02
23.345,-0.003
23.518,0.018
23.833,0.074
24.187,0.157
24.541,0.257
24.883,0.372
25.231,0.507
25.55,0.651
25.871,0.816
26.184,0.997
26.494,1.199
26.798,1.422
27.092,1.667
27.358,1.92
27.607,2.189
27.836,2.481
28.039,2.788
28.217,3.109
28.368,3.441
28.491,3.78
28.59,4.126
28.669,4.469
28.782,5.194
28.871,6.301
28.895,7.025
28.914,29.569
0,30.883
226.313,29
0,0
0,-0.043
22.254,-0.028
22.689,-0.001
23.431,0.1
23.828,0.181
24.212,0.28
24.598,0.404
24.954,0.542
25.309,0.706
25.652,0.89
25.992,1.099
26.322,1.332
26.642,1.588
26.932,1.851
27.203,2.131
27.458,2.433
27.686,2.746
27.89,3.072
28.066,3.407
28.217,3.748
28.343,4.096
28.445,4.438
28.53,4.785
28.664,5.554
28.741,6.295
28.789,7.04
28.914,29.569
0,30.883
241.227,32
0,0
0,-0.043
20.916,-0.031
21.765,0.022
22.63,0.144
23.042,0.234
23.456,0.351
23.835,0.487
24.216,0.652
24.586,0.841
24.955,1.057
25.318,1.298
25.671,1.564
25.995,1.836
26.302,2.123
26.593,2.429
26.859,2.745
27.098,3.07
27.312,3.402
27.497,3.74
27.657,4.082
27.792,4.421
27.91,4.766
28.019,5.15
28.188,5.913
28.358,7.058
28.508,8.573
28.736,11.525
28.841,13.211
28.881,14.28
28.914,29.569
0,30.883
256.141,31
0,0
0,-0.043
18.608,-0.035
19.601,0.003
20.479,0.111
20.919,0.193
21.328,0.293
21.735,0.418
22.109,0.557
22.492,0.725
22.871,0.913
23.65,1.367
24.404,1.894
24.753,2.173
25.089,2.47
25.401,2.776
25.686,3.091
25.942,3.414
26.169,3.74
26.371,4.073
26.546,4.406
26.859,5.127
27.236,6.284
27.625,7.861
28.28,11.012
28.621,12.916
28.782,14.308
28.829,15.015
28.866,16.095
28.914,29.569
0,30.883
271.054,33
0,0
0,-0.043
16.068,-0.036
16.735,-0.02
17.243,0.017
17.68,0.072
18.155,0.155
18.601,0.257
19.008,0.372
19.786,0.658
20.575,1.015
21.415,1.449
22.256,1.945
23.04,2.49
23.401,2.783
23.735,3.086
24.039,3.399
24.312,3.718
24.559,4.047
24.778,4.377
25.186,5.093
25.723,6.251
26.045,7.043
26.491,8.237
27.728,11.895
28.19,13.49
28.424,14.645
28.523,15.358
28.593,16.087
28.656,16.988
28.883,23.667
28.914,29.569
0,30.883
285.968,36
0,0
0,-0.043
12.927,-0.037
13.661,-0.015
14.61,0.084
15.109,0.177
15.589,0.296
16.53,0.593
17.468,0.949
18.433,1.367
19.374,1.839
19.817,2.095
20.246,2.371
20.65,2.661
21.026,2.968
21.373,3.289
21.688,3.618
21.978,3.958
22.482,4.641
22.97,5.409
23.597,6.531
23.984,7.29
24.349,8.055
24.854,9.198
26.222,12.542
26.57,13.462
27.056,14.891
27.368,16.025
27.532,16.714
27.671,17.396
28.446,22.048
28.498,22.44
28.682,24.255
28.791,26.288
28.873,29.569
0,30.883
300.882,36
0,0
0,-0.043
9.138,-0.041
10.108,-0.015
10.679,0.028
11.252,0.1
11.798,0.2
12.344,0.332
13.348,0.65
14.335,1.049
15.313,1.522
16.207,2.035
17.039,2.605
17.422,2.906
17.78,3.219
18.111,3.537
18.701,4.194
19.246,4.908
19.754,5.672
20.441,6.841
20.875,7.642
21.488,8.846
22.239,10.416
22.909,11.922
23.658,13.724
24.212,15.146
24.742,16.616
25.641,19.25
26.561,21.698
26.919,22.81
27.237,24.006
27.803,26.313
28.133,27.405
28.284,28.088
28.518,29.568
0,30.883
315.795,29
0,0
0,-0.043
6.004,-0.041
6.78,-0.018
7.241,0.021
7.707,0.085
8.161,0.177
8.623,0.3
9.496,0.607
10.381,1.001
11.279,1.474
12.115,1.982
12.908,2.538
13.621,3.123
14.248,3.727
14.794,4.343
15.341,5.053
15.828,5.772
16.525,6.936
17.195,8.195
17.628,9.073
18.252,10.407
21.491,17.982
22.445,20.099
23.635,22.612
25.496,26.808
26.154,28.178
26.746,29.568
0,30.883
324.456,32
0,0
0,-0.043
4.436,-0.042
5.169,-0.015
5.463,0.016
5.733,0.058
6.017,0.119
6.378,0.219
6.723,0.338
7.422,0.637
8.089,0.984
9.082,1.591
9.794,2.093
10.469,2.628
11.117,3.207
11.711,3.804
12.492,4.708
12.977,5.35
13.421,6.006
13.898,6.798
14.326,7.589
14.727,8.405
15.106,9.231
19.541,19.717
20.157,21.031
20.674,22.068
21.227,23.118
22.418,25.274
23.182,26.766
23.693,27.83
24.677,29.567
0,30.883
325.751,30
0,-0.043
4.407,-0.04
5.19,0.01
5.603,0.083
6.027,0.192
6.633,0.416
6.901,0.532
7.359,0.759
8.317,1.319
9.244,1.964
9.719,2.332
10.672,3.171
11.11,3.602
11.942,4.53
12.324,5.007
12.683,5.498
13.37,6.566
13.713,7.178
14.342,8.437
14.668,9.153
18.72,18.858
19.245,20.051
19.785,21.205
20.405,22.434
22.068,25.4
22.928,27.048
23.444,28.098
23.845,28.848
24.073,29.568
0,30.883
325.752,40
0,0
0,-0.043
4.406,-0.04
4.895,-0.018
5.191,0.012
5.602,0.082
6.028,0.193
6.632,0.415
6.903,0.532
7.359,0.758
8.318,1.321
9.243,1.966
9.718,2.335
10.217,2.756
10.672,3.171
11.109,3.602
11.541,4.066
11.94,4.528
12.322,5.008
12.681,5.498
13.37,6.569
13.713,7.18
14.341,8.437
14.668,9.153
18.719,18.859
19.243,20.053
19.783,21.207
20.403,22.435
22.067,25.401
22.926,27.048
23.443,28.099
23.842,28.842
24.292,29.736
26.377,34.125
26.824,35.194
27.107,36.012
27.347,36.883
27.643,38.199
27.708,38.35
0,38.35
325.755,37
0,0
0,-0.043
4.407,-0.04
5.19,0.01
5.603,0.083
6.027,0.192
6.633,0.416
6.904,0.532
7.359,0.759
8.317,1.322
9.244,1.967
9.719,2.336
10.218,2.757
10.672,3.171
11.11,3.602
11.541,4.066
11.939,4.527
12.683,5.498
13.37,6.569
13.713,7.181
14.342,8.437
14.668,9.153
19.242,20.054
19.782,21.208
20.402,22.434
22.068,25.4
22.925,27.048
23.444,28.098
23.84,28.842
24.293,29.735
26.378,34.123
26.825,35.195
27.108,36.011
27.347,36.883
27.643,38.199
27.709,38.35
0,38.35
327.009,38
0,0
0,-0.043
4.188,-0.04
4.56,-0.026
4.944,0.01
5.339,0.077
5.749,0.184
6.171,0.333
6.595,0.519
7.035,0.743
7.493,1.008
8.424,1.627
9.323,2.324
10.265,3.165
10.705,3.6
11.132,4.057
11.92,4.998
12.284,5.491
12.968,6.546
13.625,7.762
14.265,9.131
18.803,20.074
19.335,21.232
19.955,22.463
20.306,23.107
21.514,25.167
22.374,26.737
23.06,28.095
23.587,29.065
24.108,30.101
25.335,32.655
26.221,34.412
26.751,35.619
27.035,36.406
27.261,37.17
27.531,38.237
27.598,38.36
0,38.36
328.267,39
0,0
0,-0.043
3.971,-0.04
4.329,-0.027
4.697,0.007
5.079,0.071
5.474,0.175
5.88,0.321
6.29,0.504
6.714,0.727
7.155,0.99
8.054,1.613
8.929,2.316
9.859,3.161
10.726,4.055
11.518,4.995
11.885,5.487
12.569,6.536
13.223,7.747
13.859,9.114
14.497,10.623
18.094,19.485
18.612,20.684
19.16,21.847
19.493,22.493
19.85,23.14
21.262,25.489
22.11,27.013
22.671,28.095
23.211,29.069
23.743,30.106
24.855,32.396
26.144,34.862
26.514,35.647
26.961,36.777
27.366,38.138
27.411,38.268
27.486,38.371
0,38.371
329.524,41
0,0
0,-0.043
3.754,-0.04
4.099,-0.028
4.454,0.004
4.821,0.065
5.202,0.165
5.593,0.307
5.988,0.488
6.395,0.709
6.82,0.973
7.685,1.598
8.534,2.307
9.451,3.159
10.318,4.055
10.73,4.521
11.118,4.997
11.497,5.504
12.169,6.533
12.659,7.419
13.138,8.403
13.451,9.1
14.085,10.609
17.635,19.502
18.142,20.708
18.682,21.875
19.016,22.525
19.381,23.174
20.762,25.399
21.522,26.7
22.273,28.098
22.828,29.075
23.372,30.112
24.642,32.661
26.107,35.376
26.607,36.43
26.884,37.122
27.23,38.165
27.272,38.274
27.355,38.384
0,38.384
330.782,38
0,0
0,-0.043
3.537,-0.04
3.87,-0.029
4.212,0.001
4.565,0.058
4.932,0.154
5.309,0.293
5.689,0.47
6.08,0.69
6.488,0.954
7.318,1.584
8.142,2.298
9.044,3.157
9.913,4.058
10.716,5.001
11.086,5.491
11.768,6.535
12.414,7.734
13.041,9.091
13.67,10.598
17.659,20.73
18.19,21.903
18.525,22.557
18.896,23.21
20.597,25.877
21.255,26.996
21.868,28.105
22.437,29.082
22.803,29.756
24.569,33.186
26.056,35.839
26.527,36.791
26.672,37.122
27.078,38.177
27.145,38.315
27.255,38.398
0,38.398
332.039,37
0,0
0,-0.043
3.32,-0.04
3.641,-0.03
3.971,-0.002
4.311,0.051
4.665,0.143
5.028,0.278
5.392,0.452
5.768,0.671
6.156,0.936
6.953,1.569
7.75,2.291
8.64,3.157
9.508,4.064
9.923,4.532
10.316,5.01
10.686,5.499
11.366,6.542
12.007,7.737
12.627,9.087
12.94,9.826
17.161,20.753
17.683,21.931
18.252,23.005
18.99,24.165
20.106,25.839
20.811,26.992
21.452,28.113
22.036,29.09
24.502,33.7
25.923,36.133
26.446,37.136
26.942,38.255
27.049,38.273
27.156,38.414
0,38.414
333.297,42
0,0
0,-0.043
2.964,-0.043
3.412,-0.031
3.73,-0.006
4.059,0.044
4.4,0.131
4.749,0.262
5.098,0.434
5.456,0.651
5.829,0.916
6.591,1.556
6.96,1.897
7.802,2.718
8.673,3.606
9.522,4.542
9.916,5.022
10.286,5.512
10.792,6.273
11.441,7.432
11.907,8.4
12.519,9.822
15.524,17.726
16.181,19.548
16.648,20.773
17.16,21.959
17.691,22.965
18.489,24.202
19.571,25.762
20.354,26.993
21.024,28.123
21.624,29.098
22.001,29.77
22.6,30.884
23.176,31.896
24.443,34.208
25.848,36.521
26.362,37.452
26.77,38.272
26.822,38.344
26.975,38.431
0,38.431
334.554,41
0,0
0,-0.043
2.749,-0.043
3.182,-0.033
3.49,-0.009
3.806,0.037
4.135,0.119
4.328,0.187
4.472,0.246
4.806,0.415
5.149,0.632
5.505,0.898
6.234,1.543
6.59,1.888
7.844,3.161
8.709,4.08
9.125,4.554
9.518,5.037
9.887,5.529
10.39,6.291
11.031,7.447
11.49,8.409
12.093,9.822
12.688,11.353
15.889,20.186
16.354,21.378
16.791,22.328
17.158,22.998
17.973,24.24
19.306,26.105
19.884,26.994
21.198,29.108
21.582,29.776
22.19,30.885
22.818,31.93
24.246,34.463
25.952,37.188
26.544,38.227
26.617,38.334
26.762,38.451
0,38.451
335.812,39
0,0
0,-0.043
2.533,-0.043
2.951,-0.034
3.247,-0.013
3.554,0.029
3.871,0.107
4.031,0.162
4.196,0.23
4.516,0.397
4.844,0.613
5.184,0.881
5.883,1.532
7.884,3.62
8.73,4.569
9.122,5.055
9.488,5.551
10.153,6.598
10.77,7.779
11.364,9.102
11.662,9.827
12.244,11.351
15.348,20.202
15.802,21.398
16.237,22.353
16.608,23.029
17.241,23.994
17.982,25.021
18.79,26.095
19.4,26.999
20.756,29.116
21.147,29.782
21.764,30.884
22.447,31.961
24.048,34.714
26.339,38.248
26.422,38.354
26.596,38.473
0,38.473
337.069,42
0,0
0,-0.043
2.438,-0.041
3.003,-0.017
3.3,0.022
3.606,0.095
3.761,0.148
3.919,0.214
4.071,0.29
4.228,0.381
4.542,0.597
4.868,0.865
5.541,1.522
7.503,3.629
8.341,4.587
8.729,5.075
9.091,5.575
9.582,6.342
10.203,7.496
10.646,8.446
11.224,9.836
11.511,10.585
12.162,12.415
15.004,20.822
15.232,21.413
15.665,22.374
16.04,23.055
16.688,24.026
17.436,25.038
18.067,25.835
18.922,27.04
20.116,28.837
20.695,29.785
21.324,30.887
22.063,31.989
24.179,35.487
25.991,38.103
26.118,38.272
26.213,38.379
26.263,38.411
26.607,38.498
0,38.498
338.327,43
0,0
0,-0.043
2.121,-0.043
2.752,-0.021
3.04,0.016
3.337,0.085
3.487,0.137
3.64,0.201
3.789,0.277
3.947,0.372
4.243,0.582
4.557,0.853
5.21,1.516
7.133,3.641
7.958,4.606
8.339,5.1
8.701,5.611
9.338,6.659
9.932,7.834
10.497,9.137
11.059,10.594
11.492,11.83
14.021,19.672
14.415,20.83
14.661,21.471
15.076,22.389
15.457,23.076
16.116,24.053
16.871,25.053
17.509,25.829
18.486,27.167
19.635,28.843
20.004,29.425
20.863,30.879
21.661,32.011
22.641,33.537
23.965,35.694
24.994,37.161
25.465,37.781
25.882,38.298
25.989,38.403
26.226,38.526
0,38.526
339.584,44
0,0
0,-0.043
1.962,-0.042
2.486,-0.023
2.766,0.011
3.058,0.078
3.205,0.129
3.355,0.193
3.501,0.269
3.649,0.357
3.947,0.575
4.256,0.845
4.894,1.513
6.776,3.654
7.582,4.628
7.955,5.125
8.302,5.634
8.929,6.696
9.591,8.06
10.058,9.161
10.6,10.607
10.986,11.748
13.234,19.089
13.699,20.533
14.162,21.74
14.468,22.396
14.854,23.088
15.524,24.071
16.283,25.06
16.927,25.822
17.947,27.175
19.13,28.849
19.51,29.427
20.387,30.873
21.24,32.027
22.296,33.594
23.764,35.919
24.665,37.181
25.469,38.16
25.628,38.327
25.752,38.433
25.826,38.469
26.287,38.556
0,38.556
340.842,46
0,0
0,-0.043
1.912,-0.035
2.165,-0.022
2.456,0.012
2.755,0.078
2.906,0.129
3.059,0.193
3.206,0.268
3.355,0.356
3.656,0.574
3.964,0.845
4.598,1.517
6.432,3.669
7.212,4.651
7.573,5.154
7.91,5.667
8.52,6.735
9.081,7.907
9.613,9.191
10.134,10.624
10.502,11.761
12.677,19.31
13.172,20.831
13.53,21.736
13.84,22.393
14.232,23.09
14.948,24.133
15.673,25.061
16.322,25.814
17.503,27.345
18.604,28.851
18.995,29.428
19.897,30.868
20.779,32.014
22.023,33.78
23.56,36.138
24.178,37.012
24.731,37.693
25.082,38.085
25.36,38.358
25.435,38.42
25.497,38.465
25.586,38.504
26.231,38.59
0,38.59
342.099,48
0,0
0,-0.043
1.239,-0.041
1.65,-0.02
1.956,0.016
2.351,0.09
2.546,0.141
2.728,0.204
2.893,0.279
3.054,0.367
3.369,0.582
3.684,0.853
4.003,1.173
4.318,1.523
5.719,3.213
6.48,4.177
7.196,5.184
7.812,6.206
8.387,7.348
8.915,8.572
9.464,10.056
9.899,11.398
10.323,12.896
11.78,18.433
12.21,19.919
12.626,21.117
13.015,22.027
13.372,22.72
13.806,23.421
14.273,24.077
15.039,25.055
15.693,25.806
16.916,27.349
18.054,28.853
18.459,29.427
19.392,30.861
20.767,32.613
21.9,34.188
23.509,36.578
24.113,37.387
24.655,37.999
24.98,38.314
25.071,38.392
25.156,38.454
25.229,38.501
25.293,38.53
25.707,38.627
0,38.627
343.357,51
0,0
0,-0.043
1.231,-0.034
1.431,-0.016
1.694,0.02
2.002,0.086
2.178,0.136
2.367,0.203
2.552,0.282
2.736,0.375
2.923,0.485
3.085,0.595
3.416,0.864
3.741,1.183
4.358,1.893
5.411,3.228
6.137,4.199
6.822,5.215
7.136,5.738
7.706,6.82
8.229,7.99
8.794,9.474
9.191,10.666
9.411,11.416
9.712,12.543
10.987,17.879
11.442,19.614
11.832,20.8
12.198,21.701
12.519,22.363
12.922,23.069
13.141,23.408
13.61,24.065
14.381,25.04
15.038,25.795
16.3,27.351
17.694,29.133
17.904,29.426
18.872,30.855
20.283,32.593
21.532,34.253
23.293,36.779
23.9,37.571
24.311,38.022
24.667,38.349
24.766,38.428
24.86,38.491
24.94,38.539
25.015,38.57
25.461,38.668
0,38.668
344.614,53
0,0
0,-0.043
1.057,-0.033
1.238,-0.012
1.468,0.026
1.752,0.093
1.912,0.142
2.082,0.203
2.253,0.276
2.431,0.365
2.612,0.47
2.794,0.589
2.972,0.722
3.147,0.868
3.484,1.191
4.1,1.905
4.907,2.969
5.799,4.223
6.452,5.248
7.042,6.325
7.559,7.435
8.045,8.648
8.501,9.971
8.718,10.689
9.111,12.186
10.091,16.744
10.095,16.769
10.596,19.038
10.925,20.19
11.24,21.065
11.641,21.974
12.011,22.675
12.453,23.384
12.923,24.043
13.697,25.018
14.358,25.782
15.657,27.348
16.322,28.178
17.11,29.132
17.33,29.424
18.339,30.849
19.774,32.567
21.251,34.462
23.383,37.387
23.678,37.746
23.957,38.046
24.216,38.286
24.333,38.383
24.443,38.465
24.635,38.58
24.719,38.613
25.186,38.712
0,38.712
345.872,51
0,0
0,-0.043
0.673,-0.043
0.89,-0.03
1.054,-0.007
1.267,0.036
1.527,0.107
1.674,0.155
1.991,0.284
2.159,0.368
2.331,0.468
2.508,0.582
2.687,0.713
2.866,0.86
3.214,1.189
3.54,1.546
4.153,2.326
4.99,3.52
5.782,4.76
6.374,5.812
6.903,6.906
7.388,8.072
7.883,9.482
8.248,10.712
8.61,12.203
8.907,13.68
9.679,17.944
9.966,19.315
10.204,20.16
10.514,21.024
10.919,21.934
11.294,22.639
11.74,23.353
12.211,24.013
12.986,24.988
16.506,29.13
17.266,30.123
17.794,30.849
19.784,33.197
21.111,34.863
23.151,37.566
23.448,37.913
23.727,38.198
23.858,38.317
23.983,38.418
24.105,38.506
24.21,38.573
24.31,38.624
24.405,38.659
24.873,38.76
0,38.76
347.129,53
0,0
0,-0.043
0.609,-0.04
0.727,-0.029
0.877,-0.003
1.07,0.046
1.312,0.123
1.596,0.234
1.904,0.384
2.068,0.479
2.238,0.588
2.411,0.713
2.587,0.855
2.935,1.182
3.266,1.545
3.879,2.334
4.673,3.521
5.433,4.79
5.998,5.849
6.509,6.946
6.974,8.111
7.396,9.351
7.783,10.731
7.958,11.47
8.113,12.218
8.316,13.334
9.103,18.51
9.317,19.566
9.559,20.398
9.887,21.259
10.173,21.883
10.552,22.595
11,23.315
11.473,23.976
12.251,24.951
13.688,26.651
15.008,28.165
15.882,29.129
16.797,30.278
17.226,30.842
18.637,32.446
20.268,34.402
22.75,37.549
23.206,38.075
23.348,38.218
23.485,38.344
23.615,38.452
23.74,38.543
23.857,38.616
23.966,38.671
24.07,38.71
24.546,38.813
0,38.813
348.386,55
0,0
0,-0.043
0.457,-0.04
0.565,-0.028
0.702,0.002
0.878,0.056
1.033,0.116
1.1,0.138
1.366,0.255
1.66,0.407
1.979,0.605
2.146,0.725
2.316,0.862
2.656,1.18
2.985,1.541
3.594,2.339
4.215,3.296
5.087,4.82
5.626,5.885
6.119,6.984
6.567,8.146
6.967,9.379
7.153,10.046
7.485,11.483
7.626,12.23
7.804,13.347
8.11,15.721
8.36,17.963
8.361,17.997
8.544,19.273
8.729,20.063
8.903,20.617
9.261,21.511
9.593,22.193
10.01,22.924
10.475,23.621
11.128,24.47
12.656,26.294
14.078,27.9
15.238,29.13
16.26,30.357
16.644,30.842
17.344,31.606
19.257,33.808
21.018,35.913
22.145,37.307
22.804,38.079
23.094,38.368
23.23,38.484
23.36,38.582
23.484,38.661
23.6,38.721
23.712,38.764
24.188,38.87
0,38.87
349.644,50
0,0
0,-0.043
0.245,-0.043
0.405,-0.027
0.529,0.006
0.689,0.065
1.145,0.279
1.42,0.431
1.727,0.628
2.052,0.877
2.219,1.025
2.546,1.359
2.999,1.916
3.614,2.824
4.33,4.067
5.005,5.38
5.494,6.438
5.959,7.588
6.364,8.78
6.72,10.064
6.955,11.126
7.09,11.864
7.207,12.61
7.352,13.722
7.527,15.432
7.759,18.511
7.842,19.242
7.988,20.007
8.136,20.542
8.339,21.118
8.614,21.756
8.989,22.488
9.439,23.227
9.914,23.893
11.903,26.269
13.599,28.147
14.572,29.131
15.156,29.782
16.053,30.856
17.43,32.35
22.208,37.896
22.528,38.239
22.679,38.385
22.823,38.511
22.96,38.62
23.089,38.706
23.213,38.773
23.334,38.822
23.788,38.932
0,38.932
350.901,53
0,0
0,-0.043
0.104,-0.043
0.246,-0.026
0.358,0.01
0.502,0.073
0.918,0.297
0.948,0.317
1.182,0.456
1.478,0.654
1.795,0.901
1.958,1.045
2.135,1.218
2.431,1.549
2.868,2.133
3.598,3.329
4.299,4.679
4.899,5.95
5.365,7.047
5.781,8.201
6.138,9.418
6.448,10.77
6.638,11.866
6.83,13.356
6.933,14.439
7.005,15.448
7.147,19.194
7.212,19.807
7.314,20.336
7.429,20.758
7.649,21.369
7.967,22.067
8.383,22.821
8.853,23.532
9.309,24.12
10.27,25.216
11.138,26.237
12.064,27.246
12.605,27.866
13.887,29.136
14.805,30.136
15.426,30.859
16.1,31.559
17.497,33.085
21.547,37.677
22.233,38.397
22.385,38.536
22.532,38.654
22.671,38.752
22.802,38.828
22.93,38.885
23.343,39
0,39
352.159,57
0,0.003
0,-0.04
0.006,-0.005
0.089,-0.024
0.203,0.021
0.315,0.079
1.23,0.68
1.54,0.926
1.7,1.068
2.014,1.386
2.305,1.741
2.589,2.141
3.158,3.095
3.806,4.378
4.304,5.441
4.766,6.497
5.208,7.637
5.582,8.814
5.895,10.08
6.032,10.769
6.153,11.492
6.341,12.975
6.41,13.719
6.481,14.785
6.509,15.454
6.526,16.391
6.5,18.216
6.46,19.167
6.46,19.771
6.489,20.16
6.559,20.569
6.591,20.708
6.673,20.993
6.784,21.31
6.912,21.626
7.088,22.004
7.505,22.761
7.98,23.478
8.445,24.064
9.458,25.166
10.651,26.522
11.282,27.201
11.839,27.844
12.106,28.126
13.179,29.146
13.816,29.804
14.776,30.875
16.217,32.362
20.814,37.439
21.572,38.238
21.911,38.556
22.066,38.686
22.216,38.796
22.358,38.884
22.497,38.951
22.879,39.074
0,39.074
353.416,58
0,0.054
0,0.011
0.13,0.083
0.472,0.328
0.508,0.357
0.98,0.703
1.285,0.952
1.606,1.251
1.904,1.581
2.177,1.943
2.595,2.612
2.992,3.363
3.773,5.049
4.414,6.521
4.846,7.654
5.207,8.823
5.505,10.077
5.691,11.118
5.795,11.847
5.95,13.335
6.029,14.778
6.028,16.396
5.958,17.686
5.897,18.355
5.777,19.164
5.774,19.196
5.721,19.525
5.679,19.903
5.668,20.163
5.677,20.428
5.71,20.699
5.77,20.973
5.865,21.278
5.984,21.582
6.155,21.949
6.342,22.304
6.803,23.052
7.053,23.407
7.528,23.993
8.599,25.11
9.831,26.468
10.163,26.807
11.041,27.821
11.571,28.351
12.284,29.007
13.104,29.821
14.089,30.896
14.844,31.634
16.305,33.161
19.378,36.515
21.023,38.234
21.386,38.573
21.557,38.717
21.72,38.84
21.872,38.94
22.024,39.021
22.368,39.155
0,39.155
354.674,56
0,0.19
0,0.147
0.073,0.193
1.027,0.974
1.342,1.269
1.644,1.601
1.784,1.777
2.055,2.167
2.454,2.872
2.82,3.637
4.071,6.543
4.581,7.928
4.92,9.124
5.19,10.405
5.354,11.462
5.515,12.939
5.595,14.409
5.598,15.443
5.532,16.69
5.397,17.915
5.351,18.215
5.229,18.748
4.867,19.966
4.812,20.226
4.793,20.356
4.783,20.484
4.779,20.615
4.783,20.744
4.795,20.873
4.817,21.002
4.849,21.143
4.891,21.284
4.997,21.566
5.161,21.908
5.348,22.244
5.813,22.966
6.315,23.628
6.788,24.152
8.04,25.413
8.967,26.409
9.301,26.745
10.21,27.795
10.503,28.104
11.825,29.319
12.69,30.194
13.357,30.923
14.211,31.732
15.708,33.256
19.173,36.964
20.424,38.233
20.988,38.745
21.164,38.883
21.333,38.998
21.501,39.095
21.829,39.241
0,39.241
355.931,58
0,0.377
0,0.334
0.766,0.991
1.079,1.289
1.384,1.621
1.525,1.795
1.797,2.184
1.928,2.399
2.308,3.14
3.734,6.564
4.243,7.959
4.564,9.119
4.823,10.391
5.023,11.803
5.155,13.284
5.195,14.386
5.157,15.759
4.995,17.261
4.834,18.123
4.762,18.394
4.581,18.903
4.377,19.368
3.979,20.206
3.93,20.334
3.889,20.46
3.857,20.583
3.833,20.706
3.821,20.827
3.818,20.946
3.825,21.063
3.845,21.192
3.876,21.32
3.916,21.447
3.966,21.574
4.037,21.729
4.118,21.883
4.3,22.19
4.767,22.865
5.272,23.506
5.97,24.257
6.69,24.967
8.042,26.35
8.382,26.684
9.329,27.769
9.641,28.092
11.016,29.339
11.896,30.219
12.567,30.951
14.347,32.632
15.768,34.08
18.284,36.735
19.765,38.236
20.36,38.773
20.547,38.923
20.729,39.055
20.912,39.169
21.232,39.331
0,39.331
357.189,63
0,0.601
0,0.558
0.216,0.743
0.81,1.304
1.119,1.638
1.397,1.993
1.539,2.199
1.674,2.419
1.929,2.903
2.262,3.674
3.517,6.862
3.906,7.964
4.218,9.112
4.35,9.723
4.519,10.709
4.697,12.139
4.8,13.624
4.805,14.715
4.744,15.744
4.574,17.04
4.412,17.815
4.252,18.342
4.148,18.603
4.034,18.848
3.911,19.084
3.619,19.565
3.556,19.656
3.489,19.766
3.11,20.32
3.037,20.442
2.973,20.561
2.92,20.677
2.878,20.791
2.848,20.903
2.829,21.013
2.823,21.12
2.828,21.238
2.848,21.355
2.878,21.472
2.918,21.587
2.98,21.729
3.052,21.869
3.223,22.148
3.928,23.084
4.641,23.897
5.606,24.88
6.91,26.165
7.393,26.626
8.393,27.743
8.723,28.081
10.154,29.359
11.042,30.245
11.709,30.976
12.535,31.714
14.081,33.181
15.789,34.894
18.435,37.625
19.47,38.624
19.865,38.963
20.055,39.109
20.251,39.243
20.564,39.422
0,39.422
358.446,63
0,0.85
0,0.807
0.226,1.008
0.847,1.65
1.131,2.006
1.411,2.427
1.549,2.668
1.791,3.17
2.003,3.69
2.559,5.225
3.197,6.879
3.577,7.969
3.882,9.104
4.065,10.024
4.265,11.385
4.403,12.843
4.442,13.959
4.409,15.04
4.305,16.058
4.087,17.281
3.937,17.846
3.845,18.12
3.735,18.392
3.643,18.589
3.487,18.879
3.374,19.062
3.214,19.287
2.858,19.728
2.819,19.77
2.711,19.899
2.242,20.397
2.06,20.62
1.988,20.726
1.928,20.831
1.882,20.936
1.849,21.038
1.83,21.141
1.823,21.254
1.828,21.367
1.847,21.48
1.877,21.591
1.926,21.727
1.988,21.86
2.139,22.124
2.557,22.698
3.474,23.771
4.442,24.791
5.85,26.147
6.321,26.579
7.385,27.717
8.049,28.345
9.228,29.377
10.119,30.265
10.775,30.993
11.431,31.572
12.672,32.705
14.83,34.767
17.893,37.847
18.921,38.829
19.372,39.204
19.517,39.311
19.817,39.509
0,39.509
359.704,62
0,1.122
0,1.079
0.248,1.314
0.713,1.83
1.005,2.221
1.146,2.436
1.417,2.926
1.646,3.44
1.845,3.97
2.288,5.272
3.079,7.435
3.412,8.529
3.672,9.694
3.831,10.662
3.997,12.072
4.072,13.179
4.078,14.29
4.002,15.364
3.857,16.374
3.656,17.3
3.475,17.889
3.361,18.177
3.224,18.465
3.006,18.835
2.848,19.061
2.673,19.273
2.485,19.481
2.283,19.679
1.836,20.057
1.789,20.091
1.655,20.203
1.51,20.306
1.267,20.505
1.164,20.602
1.075,20.699
0.999,20.797
0.94,20.898
0.894,21
0.863,21.103
0.842,21.22
0.836,21.338
0.842,21.457
0.86,21.574
0.895,21.716
0.942,21.854
1.065,22.12
1.238,22.409
1.42,22.669
2.479,23.94
3.199,24.712
3.993,25.485
5.159,26.543
6.295,27.693
8.4,29.553
9.118,30.277
9.763,30.997
12.629,33.592
15.187,35.988
17.92,38.672
18.515,39.208
18.998,39.586
0,39.586
360.892,62
0,1.407
0,1.364
0.014,1.376
0.577,2.004
0.876,2.427
0.884,2.439
1.166,2.931
1.403,3.448
1.606,3.98
2.274,5.993
2.87,7.698
3.176,8.794
3.362,9.683
3.558,10.963
3.704,12.383
3.752,13.496
3.721,14.604
3.606,15.672
3.423,16.675
3.259,17.324
3.098,17.809
2.973,18.107
2.904,18.254
2.735,18.557
2.525,18.865
2.35,19.08
2.161,19.282
1.954,19.471
1.499,19.815
1.497,19.817
1.49,19.823
1.247,19.972
1.023,20.093
0.963,20.13
0.708,20.264
0.704,20.269
0.701,20.275
0.436,20.432
0.435,20.437
0.087,21.467
0.086,21.473
0.087,21.48
0.088,21.486
0.09,21.494
0.092,21.501
0.192,22.423
0.398,22.799
0.653,23.165
1.909,24.615
2.543,25.256
3.895,26.464
5.108,27.612
5.574,28.031
7.735,29.908
8.443,30.655
8.734,30.985
14.346,36.058
14.486,36.188
17.486,39.055
18.145,39.63
18.172,39.65
0,39.65
360.961,56
0,1.423
0,1.38
0.268,1.651
0.569,2.014
0.869,2.439
1.016,2.681
1.152,2.931
1.389,3.448
1.592,3.981
2.273,6.035
2.858,7.713
3.162,8.809
3.344,9.682
3.542,10.98
3.687,12.401
3.733,13.514
3.7,14.622
3.583,15.69
3.398,16.692
3.236,17.325
3.076,17.804
2.951,18.103
2.885,18.242
2.719,18.541
2.506,18.854
2.331,19.069
2.142,19.27
1.935,19.459
1.718,19.633
1.48,19.801
1.232,19.953
1.009,20.069
0.951,20.103
0.687,20.239
0.41,20.399
0.293,20.483
0.192,20.571
0.113,20.657
0.043,21.481
0.142,22.441
0.349,22.821
0.609,23.194
1.388,24.128
1.876,24.654
2.505,25.287
3.889,26.52
5.105,27.674
5.532,28.051
6.97,29.247
7.697,29.929
8.404,30.677
8.675,30.984
14.445,36.2
17.461,39.077
18.124,39.654
0,39.654
362.219,50
0,1.755
0,1.712
0.108,1.815
0.423,2.215
0.576,2.433
0.732,2.678
0.875,2.929
1.006,3.187
1.234,3.716
1.431,4.264
2.632,7.994
2.907,9.091
3.12,10.297
3.286,11.65
3.367,12.732
3.38,13.849
3.305,14.957
3.149,16.026
2.949,16.931
2.825,17.355
2.731,17.627
2.577,17.996
2.415,18.307
2.218,18.614
2.188,18.656
1.979,18.914
1.82,19.08
1.615,19.264
1.382,19.437
1.154,19.581
0.885,19.718
0.404,19.902
0.239,19.945
0.164,19.969
0,20
0,24.394
0.458,24.634
0.708,24.902
1.383,25.554
2.096,26.17
3.377,27.313
4.224,28.026
5.371,28.926
6.303,29.733
7.218,30.658
7.491,30.958
9.7,33.027
14.335,37.053
17.194,39.714
0,39.714
363.476,44
0,2.136
0,2.093
0.1,2.195
0.426,2.664
0.578,2.918
0.844,3.442
1.066,3.984
1.261,4.547
2.176,7.485
2.532,8.817
2.698,9.671
2.878,10.938
3.004,12.335
3.033,13.441
2.979,14.561
2.839,15.661
2.621,16.712
2.477,17.219
2.355,17.565
2.189,17.944
2.136,18.051
1.948,18.37
1.892,18.452
1.712,18.689
1.441,18.97
1.308,19.083
1.086,19.244
0.832,19.388
0.567,19.503
0.287,19.586
0,19.587
0,25.834
1.329,26.93
2.233,27.645
4.168,29.084
5.145,29.91
5.885,30.629
6.169,30.926
8.72,33.319
10.339,34.751
14.249,37.965
15.561,39.156
16.206,39.768
0,39.768
364.734,40
0,2.58
0,2.537
0.091,2.638
0.255,2.895
0.532,3.407
0.78,3.973
0.985,4.542
1.881,7.505
2.219,8.83
2.38,9.694
2.545,10.924
2.657,12.306
2.676,13.408
2.616,14.532
2.526,15.289
2.327,16.375
2.141,17.071
2.019,17.424
1.873,17.771
1.698,18.104
1.577,18.293
1.483,18.426
1.233,18.714
1.025,18.901
0.903,18.994
0.785,19.071
0.531,19.204
0.273,19.297
0,19.334
0,27.614
0.208,27.64
2.06,28.83
3.051,29.535
3.894,30.221
8.954,34.782
10.416,35.994
13.404,38.285
14.315,39.043
15.151,39.821
0,39.821
365.991,41
0,3.112
0,3.069
0.057,3.124
0.343,3.671
0.582,4.238
0.848,5
1.582,7.523
1.902,8.844
2.095,9.973
2.207,10.914
2.304,12.279
2.315,13.375
2.249,14.504
2.102,15.637
1.91,16.563
1.755,17.097
1.603,17.501
1.458,17.815
1.364,17.986
1.257,18.155
1.126,18.335
1.018,18.467
0.967,18.52
0.738,18.735
0.508,18.892
0.355,18.975
0,19.019
0,29.254
0.08,29.275
0.596,29.522
1.236,29.875
1.98,30.35
3.445,31.446
5.2,32.895
7.513,34.875
9.189,36.248
10.43,37.189
12.614,38.742
13.519,39.439
14.017,39.874
0,39.874
367.249,36
0,3.774
0,3.731
0.112,3.91
0.384,4.563
0.807,5.866
1.203,7.273
1.466,8.327
1.718,9.687
1.831,10.587
1.931,11.905
1.954,12.97
1.912,14.094
1.793,15.243
1.626,16.201
1.487,16.761
1.371,17.125
1.224,17.497
1.043,17.855
0.916,18.058
0.815,18.198
0.694,18.344
0.55,18.49
0.419,18.597
0.238,18.721
0,18.741
0,31.091
0.153,31.13
0.742,31.391
1.455,31.768
2.155,32.194
3.463,33.099
7.852,36.533
9.397,37.664
11.87,39.308
12.747,39.929
0,39.929
368.506,33
0,4.609
0,4.566
0.098,4.741
0.406,5.619
0.727,6.713
1.132,8.339
1.288,9.142
1.478,10.584
1.566,11.881
1.574,13.304
1.509,14.445
1.367,15.617
1.213,16.4
1.112,16.78
0.987,17.153
0.912,17.343
0.827,17.53
0.733,17.712
0.627,17.888
0.511,18.054
0.382,18.21
0.235,18.356
0,18.494
0,32.686
0.066,32.862
0.742,33.152
1.458,33.515
2.846,34.348
4.637,35.585
6.916,37.24
8.53,38.342
11.204,39.984
0,39.984
369.764,28
0,5.652
0,5.609
0.222,6.199
0.591,7.537
0.777,8.345
0.971,9.422
1.08,10.283
1.175,11.526
1.2,12.896
1.161,14.022
1.027,15.406
0.888,16.21
0.792,16.605
0.673,16.991
0.521,17.371
0.429,17.559
0.324,17.739
0.205,17.913
0,18.095
0,34.701
0.278,34.722
0.745,34.918
1.458,35.265
2.84,36.043
6.435,38.353
8.151,39.393
9.296,40.033
0,40.033
371.021,23
0,6.948
0,6.905
0.043,6.94
0.264,7.789
0.443,8.612
0.658,9.99
0.745,10.878
0.795,11.825
0.803,13.217
0.754,14.373
0.627,15.596
0.517,16.216
0.417,16.622
0.291,17.013
0.213,17.21
0,17.442
0,36.466
0.229,36.477
0.753,36.693
2.153,37.375
6.505,39.815
6.999,40.072
0,40.072
371.65,20
0,7.717
0.042,7.843
0.243,8.68
0.448,9.987
0.557,11.201
0.582,11.676
0.603,13.007
0.561,14.352
0.44,15.59
0.329,16.22
0.166,16.725
0.125,16.827
0,16.963
0,37.355
0.118,37.361
0.484,37.479
1.814,38.087
4.641,39.581
5.581,40.092
0,40.092
372.28,15
0,8.215
0.24,9.984
0.371,11.526
0.404,12.799
0.367,14.327
0.253,15.584
0.144,16.227
0,16.522
0,38.241
0.213,38.261
1.476,38.796
4.012,40.03
3.999,40.049
3.996,40.112
0,40.112
373.537,13
0,10.476
0.141,11.634
0.207,12.405
0.223,13.041
0.207,13.94
0.148,14.57
0.092,14.895
0,15.085
0,39.239
2.021,40.033
1.998,40.069
2.205,40.108
0,40.112
