-3.5
-2.74
-2.06
-1.37
-0.68
0.00
0.02
0.71
1.40
2.09
2.78
3.47
4.16
4.86
5.55
6.24
6.93
7.62
8.31
9.00
9.70
10.39
11.08
11.77
12.46
13.15
13.84
14.53
15.23
15.92
16.61
17.30
17.99
18.68
19.37
20.07
20.76
21.45
22.14
22.83
23.52
23.52
23.53
28.07
32.61
37.16
41.71
46.25
50.80
55.34
59.89
64.43
68.98
73.53
78.07
82.62
87.16
91.71
96.25
98.89
99.29
99.29
99.29
99.67
100.06
100.44
100.82
101.21
101.59
101.97
102.36
102.74
103.12
103.51
103.89
104.27
104.66
105.04
105.42
105.80
106.19
106.57
106.95
107.34
107.72
108.10
108.49
108.87
109.25
109.64
110.00
110.02
110.40
110.79
111.17
111.55
111.94
112.32
112.70
113.09
113.47
113.85