draft,vol,lcg,tcg,vcg,FSM
1.2999976000000002,3.914473636519613,91.80128895882203,1.6014121155696308,1.2528845778515068,60.48117176470589
1.3999976000000003,8.010364445148582,91.83322916158055,1.6311091953976964,1.3041104685754736,65.1335781818182
1.4999976000000004,12.287672425886909,91.8637546534662,1.6614376968317401,1.3560261752625582,69.7859845989305
1.5999976000000005,16.746397578734587,91.89295738960357,1.6923565779503744,1.4085868604028249,74.4383910160428
1.6999976000000006,21.386539903691624,91.92092152477233,1.723828278325404,1.46175148995071,79.0907974331551
1.7999976000000006,26.208099400758012,91.94772422333818,1.7558183575290116,1.5154824384010672,83.7432038502674
1.8999976000000007,31.21107606993376,91.97343637031992,1.7882951777663327,1.5697451420713604,90.31173504000007
1.9999976000000008,36.39546991121887,91.99812319739101,1.8212296244748902,1.6245077938619181,101.35173504000008
2.099997600000001,41.76128092461333,92.02184483545676,1.854594859695475,1.6797410738183638,112.39173504000009
2.199997600000001,47.30850911011714,92.04465680366042,1.888366103815994,1.735417910690965,123.43173504000009
2.299997600000001,53.0371544677303,92.06661044319176,1.9225204419517963,1.7915132704088645,134.4717350400001
2.399997600000001,58.94721699745283,92.08775330303153,1.957036651777961,1.848003967990163,143.44524920930235
2.4999976000000013,65.03869669469094,92.10812948366332,1.991895049911744,1.9048684998710863,147.59641200000004
2.5999976000000014,71.25296666452202,92.1269865344458,2.024969815986544,1.961585232406596,151.7475747906977
2.6999976000000014,77.5314656236245,92.14388429593117,2.05474865265044,2.0177689847030065,155.8987375813954
2.7999976000000015,83.87419357199846,92.15922394287384,2.08193912556386,2.0735638363597033,160.04990037209308
2.8999976000000016,90.28115050964385,92.1733011332241,2.1070620149344137,2.1290752426293156,164.20106316279077
2.9999976000000017,96.7523364365606,92.18633863187586,2.130509083162635,2.1843819947053733,168.35222595348844
3.099997600000002,103.28775135274884,92.19850753325738,2.1525806536699563,2.2395439996438733,172.5033887441861
3.199997600000002,109.8873952582085,92.20994147546182,2.173510779376583,2.294607490570769,176.6545515348838
3.299997600000002,116.55126815293956,92.22074640529787,2.1934845329147823,2.349608605613099,179.71572087710848
3.399997600000002,123.27937003694207,92.23100743843612,2.2126501529597156,2.404575901748922,182.30969678072296
3.499997600000002,130.07170091021595,92.24079377524656,2.2311277476740052,2.459532155792515,184.9036726843374
3.5999976000000022,136.92826077276132,92.25016228626822,2.2490156424149848,2.5144956776246414,187.4976485879519
3.6999976000000023,143.84904962457816,92.25916016925895,2.266395083462129,2.5694812830470855,190.09162449156634
3.7999976000000024,150.83406746566632,92.26782694672426,2.2833337739220703,2.624501024856021,192.6856003951808
3.8999976000000025,157.88331429602596,92.27619598735133,2.2998885666171858,2.679564749389114,195.27957629879526
3.9999976000000026,164.99679011565703,92.2842956787004,2.3161075394662984,2.7346805252402793,197.8735522024097
4.099997600000003,172.1744949245595,92.29215034100416,2.33203161246252,2.7898549770861027,200.5742351392406
4.199997600000002,179.41642872273337,92.29978094640782,2.347695820166304,2.8450935482113633,203.43499463291147
4.299997600000002,186.72259151017875,92.30720569033952,2.363130322387365,2.9004007088514854,206.29575412658235
4.399997600000002,194.09298328689547,92.31444044931798,2.378361213805761,2.9557801229301854,209.15651362025324
4.499997600000001,201.52760405288367,92.3214991507,2.3934111776895057,3.011234782541901,212.0172731139241
4.599997600000001,209.0264538081432,92.32839407352762,2.4083000176357965,3.066767117203194,214.87803260759497
4.6999976000000006,216.58953255267426,92.3351360950142,2.4230450930798373,3.1223790832029197,217.73879210126586
4.7999976,224.21684028647672,92.34173489380365,2.4376616782876197,3.178072237132892,220.5995515949367
4.8999976,231.90837700955058,92.34819911860572,2.4521632600639673,3.2338477967520824,223.563692612987
4.9999975999999995,239.66414272189593,92.3545365289057,2.4665617860380804,3.289706691639825,226.63122508051947
5.099997599999999,247.4841374235126,92.36075411300747,2.4808678728356224,3.3456496055648457,229.69875754805193
5.199997599999999,255.3683611144008,92.36685818756386,2.495090981495142,3.4016770120929194,232.7662900155844
5.299997599999998,263.3168137945604,92.37285448190251,2.5092395659838407,3.457789204644821,235.83382248311685
5.399997599999998,271.3294954639914,92.37874820979539,2.5233211995014955,3.5139863219747807,238.9013549506493
5.499997599999998,279.4064061226938,92.38454413080512,2.5373426823502188,3.570268369851005,241.96888741818174
5.599997599999997,287.5475457706677,92.3902466029377,2.5513101344309823,3.626635239571468,245.0364198857142
5.699997599999997,295.75291440791295,92.39585962801,2.565229074860575,3.683086723830693,246.5961049493333
5.799997599999997,304.0225120344297,92.40138689088575,2.579104490750935,3.7396225303597705,247.77877161599997
5.899997599999996,312.3472136445232,92.40681281854359,2.592838438568136,3.796180976814218,248.96143828266662
5.999997599999996,320.6722060835119,92.4120323906653,2.6058436674903867,3.8524050591945573,250.1441049493333
6.099997599999996,328.98834329744733,92.41704348599654,2.6180793677881864,3.9082612400084993,251.32677161599995
6.199997599999995,337.2956252863297,92.42186191941151,2.629603751461889,3.9637758695230194,252.50943828266662
6.299997599999995,345.5940520501589,92.42650195474238,2.6404693210438506,4.018972710546935,253.69210494933327
6.3999975999999945,353.88362358893477,92.43097649039892,2.6507235528739543,4.073873248075001,254.68012232432432
6.499997599999994,362.1643399026575,92.43529721895477,2.6604094845444917,4.128496955503808,255.2139061081081
6.599997599999994,370.43620099132715,92.43947476486281,2.6695662218367255,4.18286152436325,255.74768989189187
6.6999975999999934,378.6992068549435,92.44351880371838,2.6782293777341293,4.236983063266739,256.28147367567567
6.799997599999993,386.95335749350664,92.44743816589138,2.686431453898072,4.290876270786763,256.8152574594594
6.899997599999993,395.1986529070166,92.45124092686697,2.6942021732156642,4.344554586157507,257.3490412432432
6.999997599999992,403.4350930954734,92.45493448624153,2.7015687705878833,4.398030321052973,257.882825027027
7.099997599999992,411.6626780588771,92.45852563700221,2.708556247950551,4.451314775156262,258.41660881081077
7.199997599999992,419.8814077972275,92.46202062645601,2.7151875985576432,4.5044183377992795,258.95404114594595
7.299997599999991,428.0912823105247,92.46542520995986,2.7214840047641324,4.557350577593054,259.49187898378375
7.399997599999991,436.2923015987688,92.4687446984247,2.727465012890851,4.610120321672179,260.0297168216216
7.499997599999991,444.4844656619597,92.47198400041948,2.733148688210878,4.662735725930797,260.5675546594594
7.59999759999999,452.6677745000974,92.47514765957754,2.738551752644852,4.715204337422667,261.10539249729726
7.69999759999999,460.8422281131818,92.47823988790616,2.7436897073746893,4.767533149926634,261.64323033513506
7.7999975999999895,469.007826501213,92.48126459551312,2.7485769422683597,4.819728653535157,262.1810681729729
7.899997599999989,477.1645696641911,92.48422541719188,2.7532268337416683,4.871796879002787,262.7239594520547
7.999997599999989,485.3124576021161,92.48712573624643,2.757651832457898,4.9237434374893745,263.27190465753415
8.09999759999999,493.451490314988,92.48996870588384,2.7618635420754964,4.975573556246499,263.81984986301364
8.199997599999989,501.58166780280646,92.49275726846002,2.765872790092034,5.0272921107220805,264.3677950684931
8.299997599999989,509.7029900655718,92.49549417282525,2.7696896916947082,5.078903653495745,264.9157402739725
8.399997599999988,517.815457103284,92.49818198998555,2.7733237074097885,5.130412440404004,265.46368547945195
8.499997599999988,525.9190689159431,92.50082312726697,2.7767836952424085,5.181822454168608,266.01163068493145
8.599997599999988,534.0138255035488,92.5034198411475,2.7800779579114105,5.233137425802075,266.5586356108107
8.699997599999987,542.0997268661014,92.50597424890053,2.7832142857092625,5.2843608540305995,267.10187885405395
8.799997599999987,550.1767730036008,92.50848833917613,2.7861999954525922,5.335496022945356,267.6451220972972
8.899997599999987,558.244963916047,92.51096398163176,2.7890419659331434,5.386546018067839,268.18836534054043
8.999997599999986,566.3042996034401,92.51340293571054,2.791746670230557,5.437513740993064,268.31000720000003
9.099997599999986,574.35478006578,92.51580685865343,2.7943202052063727,5.4884019227553935,268.0100072
9.199997599999985,582.3318621845618,92.51869543793515,2.796338192570198,5.538806591841293,267.8
9.299997599999985,588.2523687349144,92.52469118726788,2.790546016135353,5.576290823616633,267.8
9.399997599999985,590.2408060620162,92.52680872184696,2.784380713610879,5.589010681400675,267.8
9.400032000000001,590.2408062971579,92.52680872209655,2.7843807125017603,5.5890106829264035,0
