draft,vol,lcg,tcg,vcg,FSM
1.2978640000000001,8.521852676136001,78.06683756306154,2.907087503791735,1.2515300282880364,246.27351124705885
1.3978640000000002,17.395920938666233,78.08026409393811,2.934842629015042,1.3021335421820617,265.2488053647059
1.4978640000000003,26.449439699078134,78.09447578195761,2.963175991545204,1.3530642382034002,284.224099482353
1.5978640000000004,35.682408957371706,78.1086605690475,2.991845817944172,1.404312498585397,303.19939360000006
1.6978640000000005,45.094828713546924,78.12266563779733,3.020798385216609,1.4558689234988815,322.17468771764715
1.7978640000000006,54.6866989676038,78.13644591515707,3.0500110372332188,1.507724455524665,338.55575431111123
1.8978640000000007,64.45801971954238,78.14998666093832,3.079470132930398,1.5598703818107762,354.8801987555557
1.9978640000000008,74.4087909693626,78.16328427259546,3.1091655647301684,1.6122983221119986,371.20464320000013
2.097864000000001,84.53901271706447,78.17633992505418,3.139088931028792,1.6650002144574934,387.52908764444464
2.197864000000001,94.848684962648,78.18915704241043,3.1692328002658763,1.7179683007264486,400.5802422857144
2.297864000000001,105.329654891958,78.20141364250865,3.19932119149937,1.7711552937442714,410.06595657142867
2.397864000000001,115.92588187857646,78.2109399062209,3.2277502921714274,1.8243059832091786,419.551670857143
2.497864000000001,126.58532586275969,78.21869064094872,3.2533327565005603,1.8772282960202231,429.03738514285726
2.5978640000000013,137.27103585066473,78.22575254134348,3.275623922880701,1.92983144784059,438.5230994285716
2.6978640000000014,147.98297668213473,78.2322720182175,3.29532789975685,1.9821919891681508,448.00881371428585
2.7978640000000015,158.72114835716988,78.23835566223012,3.3129624367521537,2.0343661996188818,457.4945280000002
2.8978640000000015,169.48555087576992,78.2440834885027,3.328916152267091,2.0863962863260026,466.98024228571444
2.9978640000000016,180.27618423793507,78.24951673506857,3.343486426606226,2.1383145136723307,475.98104643902445
3.0978640000000017,191.09304844366523,78.25470306744455,3.3569046912947362,2.1901459594115655,479.3005586341464
3.197864000000002,201.9361434929604,78.25968014301101,3.3693537486081913,2.2419104022119787,482.62007082926834
3.297864000000002,212.80546938582063,78.26447810815364,3.380979905327286,2.2936236440346707,485.93958302439034
3.397864000000002,223.70102612224585,78.2691213832552,3.3919016461137583,2.345298455386639,489.2590952195123
3.497864000000002,234.6228137022361,78.27362996173072,3.402215945594214,2.3969452632312978,492.57860741463423
3.597864000000002,245.57083212579138,78.27802037075617,3.4120029365927707,2.4485726597458837,495.8981196097562
3.6978640000000023,256.5450813929117,78.28230639220386,3.4213294131934755,2.5001877840942166,499.2176318048781
3.7978640000000023,267.54556150359696,78.2864996108223,3.430251494373381,2.5517966127152962,502.53714400000007
3.8978640000000024,278.57227245784725,78.29060983610184,3.438816673868959,2.603404182721305,506.1231236455697
3.9978640000000025,289.6252142556627,78.29464543052796,3.447065415171653,2.6550147657220897,509.7459084556963
4.097864000000002,300.704386897043,78.29861356759201,3.4550324052125694,2.706632004452322,513.3686932658228
4.197864000000002,311.8097903819883,78.30252043649196,3.462747549011326,2.758259021167975,516.9914780759494
4.2978640000000015,322.9414247104988,78.30637140594645,3.4702367656525257,2.809898504390762,520.614262886076
4.397864000000001,334.0992898825742,78.31017115634265,3.4775226303951405,2.861552778883588,524.2370476962026
4.497864000000001,345.28338589821453,78.31392378713664,3.484624896532374,2.9132238625207783,527.8598325063291
4.597864,356.49371275742004,78.31763290474947,3.4915609224794455,2.964913512829713,531.4826173164556
4.697864,367.7302704601905,78.32130169497033,3.498346023578925,3.016623265327932,535.2775932151899
4.797864,378.993059006526,78.32493298296123,3.5049937636633715,3.068354465294783,539.076327392405
4.897863999999999,390.2820783964266,78.32852928327226,3.5115161980765057,3.1201082942528693,542.8750615696202
4.997863999999999,401.5973286298921,78.33209284175453,3.5179240773267964,3.1718857921590935,546.6737957468354
5.097863999999999,412.93880970692265,78.33562567086244,3.524227018617968,3.223687876094836,550.4725299240506
5.197863999999998,424.30652162751824,78.33912957953024,3.530433651016361,3.275515356083013,554.2712641012658
5.297863999999998,435.70046439167896,78.3426061985715,3.5365517388642393,3.3273689485343025,558.069998278481
5.3978639999999976,447.1206379994046,78.34605700236547,3.542588287149589,3.379249287726975,561.7397398441558
5.497863999999997,458.56704245069517,78.34948332744814,3.548549631836938,3.431156935647726,563.8981814025974
5.597863999999997,470.03967774555093,78.35288638851158,3.554441517605121,3.4830923904601,566.0566229610389
5.6978639999999965,481.53854388397167,78.35626729222389,3.5602691649937337,3.5350560938186706,568.2150645194805
5.797863999999996,493.0635812377876,78.3596276206173,3.56603682668225,3.587048171154353,570.373506077922
5.897863999999996,504.60320423180787,78.36291019176821,3.5716566478890948,3.639017626075107,572.5319476363636
5.997863999999995,516.1460264220882,78.3660651197309,3.577049949845017,3.6909175511819807,574.6903891948051
6.097863999999995,527.692044241131,78.3691007079063,3.5822314907349724,3.7427527648631735,576.8488307532467
6.197863999999995,539.2412576889362,78.3720245680935,3.5872147990397885,3.7945276898951215,578.1909964210527
6.297863999999994,550.7936667655039,78.37484367764284,3.5920122756203594,3.8462463802516735,578.1936280000001
6.397863999999994,562.349271470834,78.37756444420951,3.5966353088050638,3.8979125587450185,578.1962595789474
6.497863999999994,573.9080718049266,78.38019276273448,3.6010943756638687,3.949529650148783,578.1988911578948
6.597863999999993,585.4700677677818,78.38273406572083,3.6053991313654117,4.001100810423486,578.2015227368421
6.697863999999993,597.0352593593992,78.38519336770788,3.609558488221626,4.052628952569181,578.2041543157895
6.797863999999993,608.6036465797788,78.38757530470916,3.613580685782169,4.104116769550798,578.2067858947369
6.897863999999992,620.1752294289214,78.38988416926783,3.6174733531390912,4.1555667546757435,578.2094174736842
6.997863999999992,631.7500079068261,78.39212394168732,3.6212435644333856,4.206981219748093,578.2120224415585
7.0978639999999915,643.3279820134933,78.3942983179146,3.6248978884132845,4.2583623112772955,578.2146198441559
7.197863999999991,654.9091517489229,78.3964107344886,3.628442432774967,4.309712024980428,578.2172172467533
7.297863999999991,666.4935171131151,78.3984643909067,3.6318828839154844,4.361032218783927,578.2198146493507
7.3978639999999904,678.0810781060696,78.40046226971668,3.6352245426423018,4.4123246245028955,578.222412051948
7.49786399999999,689.6718347277867,78.40240715459872,3.638472356311277,4.463590858352262,578.2250094545454
7.59786399999999,701.2657869782659,78.4043016466691,3.6416309478030033,4.5148324304238985,578.2276068571429
7.697863999999989,712.862934857508,78.40614817920509,3.644704641694495,4.566050753246422,578.2302042597403
7.797863999999989,724.4632783655122,78.40794903096818,3.6476974879379727,4.617247149529677,578.2328016623377
7.897863999999989,736.0668175022789,78.40970633827716,3.6506132833193483,4.668422859183023,578.2353990649351
7.997863999999988,747.6735522678082,78.41142210596718,3.65345559093566,4.7195790456856965,578.2379964675325
8.097863999999989,759.2834826620999,78.41309821735219,3.6562277579015374,4.770716801877954,578.2405938701298
8.197863999999988,770.896608685154,78.414736443295,3.658932931469759,4.821837155233525,578.2431912727272
8.297863999999988,782.5129303369706,78.416338450477,3.6615740737292124,4.872941072666778,578.2457886753247
8.397863999999988,794.1324476175496,78.41790580894875,3.664153975024569,4.924029464921815,578.2483860779221
8.497863999999987,805.7551605268911,78.41943999903303,3.666675266225526,4.9751031905852825,578.2509964210526
8.597863999999987,817.3810690649951,78.42094241764484,3.669140429959082,5.026163059760059,578.253628
8.697863999999987,829.0101732318611,78.42241438408429,3.671551810905632,5.077209837432722,578.2562595789474
8.797863999999986,840.6424730274899,78.42385714535335,3.673911625248699,5.128244246564214,578.2588911578947
8.897863999999986,852.2779684518811,78.4252718810417,3.676221969358373,5.179266970929884,554.9005547826143
8.997863999999986,863.9166595050349,78.42665970782151,3.6784848277799593,5.230278657732278,514.5309895652233
9.097863999999985,875.0083217722242,78.42896790176248,3.6784447758986483,5.278881482500421,485.41
9.197863999999985,883.179921343947,78.43121190953903,3.6697286354802947,5.314817787196368,485.41
9.297863999999985,888.1109830315122,78.43254605338943,3.658728564024959,5.336727479736542,485.41
9.397863999999984,889.8015068349201,78.43300003636129,3.6531640795484113,5.344353302794801,485.41
9.400032000000001,889.8022683976168,78.433000240487,3.653160966133586,5.344356788814371,0
