draft,vol,lcg,tcg,vcg,FSM
1.2999976000000002,9.026778570089204,48.15001947081947,-3.426389211798393,1.2525926774496914,325.54635020975616
1.3999976000000003,18.15634593226212,48.15002092498541,-3.4460075442720655,1.3029757710365264,350.5884233804879
1.4999976000000004,27.38870208651871,48.15002236277903,-3.465697849048413,1.353543700762143,375.6304965512196
1.5999976000000005,36.72384703285898,48.15002378447535,-3.485458917439357,1.4042933625263478,400.67256972195133
1.6999976000000006,46.16178077128297,48.150025190343115,-3.505289567670756,1.455221721348185,418.4025486285715
1.7999976000000006,55.702503301790614,48.15002658064527,-3.5251886441374607,1.5063258094527376,431.25731053333345
1.8999976000000007,65.34601462438197,48.15002795563889,-3.545155016682927,1.5576027244211097,444.1120724380953
1.9999976000000008,75.092314739057,48.150029315575395,-3.5651875799025343,1.6090496274012085,456.9668343428573
2.099997600000001,84.94140364581573,48.15003066070083,-3.5852852524696472,1.6606637413769725,467.67043784691367
2.199997600000001,94.89328134465815,48.15003199125577,-3.6054469764835697,1.7124423494938419,475.1469810567902
2.299997600000001,104.94794783558423,48.15003330747576,-3.62567171683861,1.7643827934383602,482.6235242666668
2.399997600000001,115.10540311859403,48.15003460959117,-3.6459584606133753,1.8164824718698571,490.1000674765433
2.4999976000000013,125.36563876261556,48.15003591025799,-3.6663059366037416,1.8687387961488684,497.5766106864198
2.5999976000000014,135.67606660272224,48.150037235406785,-3.685098181802385,1.9208972353050073,505.0531538962964
2.6999976000000014,145.98637406000563,48.15003985848527,-3.7012325862041706,1.9727643533892487,512.529697106173
2.7999976000000015,156.29656113446583,48.150043522640594,-3.715235171029127,2.024397768025466,520.0062403160495
2.8999976000000016,166.60662782610268,48.150048034604566,-3.727501739537342,2.075840833439796,525.24
2.9999976000000017,176.91657413491626,48.15005324616458,-3.7383358233556283,2.1271267969037977,525.24
3.099997600000002,187.22640006090668,48.15005904175726,-3.7479740902130896,2.1782815817656003,525.24
3.199997600000002,197.53610560407375,48.150065329947545,-3.756603794426322,2.229325698885252,525.24
3.299997600000002,207.84569076441758,48.15007203744388,-3.7643750333181774,2.2802755891390514,525.24
3.399997600000002,218.1551555419381,48.15007910481059,-3.7714095279821334,2.331144585218787,525.24
3.499997600000002,228.46449993663538,48.150086483341376,-3.7778070263877863,2.381943612994593,525.24
3.5999976000000022,238.77372394850937,48.15009413274275,-3.7836500475201884,2.43268171116329,525.24
3.6999976000000023,249.08282757756012,48.15010201939282,-3.7890074472499657,2.4833664218352385,525.24
3.7999976000000024,259.39181082378764,48.150110115015394,-3.793937133775363,2.5340040879697336,525.24
3.8999976000000025,269.7006736871919,48.150118395658126,-3.7984881602130693,2.5846000825865114,525.24
3.9999976000000026,280.00941616777277,48.150126840896554,-3.8027023548772894,2.635158987338044,525.24
4.099997600000003,290.3180382655305,48.150135433207524,-3.8066156041757093,2.6856847330312736,525.24
4.199997600000002,300.6265399804648,48.15014415747184,-3.8102588715186276,2.736180711233633,525.24
4.299997600000002,310.9349213125759,48.15015300057557,-3.8136590135150543,2.786649863674907,525.24
4.399997600000002,321.24318226186386,48.150161951088336,-3.816839438997345,2.837094754433367,525.24
4.499997600000001,331.55132282832835,48.150170999001546,-3.8198206450865264,2.887517628653579,525.24
4.599997600000001,341.85934301196966,48.150180135513935,-3.822620656256116,2.9379204606391633,525.24
4.6999976000000006,352.1672428127877,48.150189352854945,-3.8252553862729206,2.9883049934979122,525.24
4.7999976,362.47502223078243,48.15019864413801,-3.827738938369981,3.0386727720211684,525.24
4.8999976,372.78268126595395,48.15020800323848,-3.83008385560954,3.089025170107289,525.24
4.9999975999999995,383.0902199183023,48.15021742469094,-3.8323013308194485,3.139363413756973,525.24
5.099997599999999,393.3976381878271,48.15022690360296,-3.8344013835191197,3.1896886004528286,525.24
5.199997599999999,403.704936074529,48.1502364355818,-3.8363930097360504,3.2400017155694742,525.24
5.299997599999998,414.01211357840737,48.15024601667232,-3.838284309438403,3.2903036463318602,525.24
5.399997599999998,424.31917069946246,48.15025564330375,-3.840082595390556,3.3405951937387273,525.24
5.499997599999998,434.6261074376945,48.15026531224409,-3.8417944865162283,3.390877082789119,525.24
5.599997599999997,444.9329237931031,48.150275020560926,-3.8434259882819357,3.4411499712871714,525.24
5.699997599999997,455.2396197656885,48.15028476558747,-3.8449825621583225,3.4914144574505426,525.24
5.799997599999997,465.5461953554505,48.150294544893136,-3.8464691858524285,3.5416710865079426,525.24
5.899997599999996,475.8526505623894,48.15030435625795,-3.8478904057104972,3.5919203564390636,525.24
5.999997599999996,486.158985386505,48.15031419765028,-3.8492503824535005,3.6421627229842124,525.24
6.099997599999996,496.4651998277972,48.15032406720722,-3.8505529312144966,3.692398604029795,525.24
6.199997599999995,506.77129388626633,48.150333963217456,-3.851801556689238,3.7426283834585283,525.24
6.299997599999995,517.0772675619122,48.15034388410613,-3.8529994840820008,3.7928524145390887,525.24
6.3999975999999945,527.3831208547347,48.150353828421544,-3.8541496864219877,3.8430710229182092,525.24
6.499997599999994,537.6888537647338,48.15036379482333,-3.855254908737399,3.893284509268574,525.24
6.599997599999994,547.9944662919099,48.150373782071945,-3.8563176895009486,3.9434931516378557,525.24
6.6999975999999934,558.2999584362625,48.15038378901945,-3.8573403796995303,3.9936972075375103,525.24
6.799997599999993,568.605330197792,48.15039381460108,-3.858325159829487,4.04389691580434,525.24
6.899997599999993,578.9105815764982,48.150403857827996,-3.859274055076118,4.094092498263187,525.24
6.999997599999992,589.2157125723809,48.150413917780504,-3.8601889488997494,4.144284161215077,525.24
7.099997599999992,599.5207231854407,48.15042399360217,-3.861071595220167,4.194472096771834,525.24
7.199997599999992,609.8256134156771,48.15043408449447,-3.861923629365291,4.244656484055353,525.24
7.299997599999991,620.1303832630903,48.150444189712005,-3.862746577927834,4.2948374902772395,525.24
7.399997599999991,630.4350327276801,48.15045430855808,-3.863541867654974,4.3450152717125325,525.24
7.499997599999991,640.7395618094467,48.15046444038088,-3.864310833479926,4.395189974579451,525.24
7.59999759999999,651.04397050839,48.150474584569835,-3.8650547257905137,4.445361735835556,525.24
7.69999759999999,661.3482588245099,48.15048474055248,-3.8657747170179895,4.495530683899442,525.24
7.7999975999999895,671.6524267578067,48.15049490779144,-3.866471907619143,4.545696939306001,525.24
7.899997599999989,681.9564743082803,48.15050508578185,-3.8671473315158718,4.595860615302241,525.24
7.999997599999989,692.2604014759305,48.15051527404898,-3.8678019610487806,4.646021818389871,525.24
8.09999759999999,702.5642082607576,48.15052547214585,-3.8684367114946987,4.696180648820132,525.24
8.199997599999989,712.8678946627614,48.15053567965143,-3.869052445192293,4.746337201045695,525.24
8.299997599999989,723.1714606819418,48.150545896168644,-3.8696499753148323,4.796491564133911,525.24
8.399997599999988,733.474906318299,48.15055612132273,-3.87023006932484,4.8466438221452055,525.24
8.499997599999988,743.7782315718329,48.15056635475972,-3.8707934521414984,4.896794054480042,525.24
8.599997599999988,754.0814364425433,48.15057659614501,-3.8713408090482755,4.946942336197379,525.24
8.699997599999987,764.3845209304308,48.15058684516201,-3.8718727883652972,4.997088738307413,525.24
8.799997599999987,774.687485035495,48.15059710151104,-3.8723900039083907,5.0472333280409165,525.24
8.899997599999987,784.9903287577357,48.15060736490809,-3.8728930372543835,5.097376169097365,504.20280463333745
8.999997599999986,795.2930520971533,48.15061763508391,-3.873382439830252,5.147517321873783,474.1486379666709
9.099997599999986,805.5254159064021,48.1506278361823,-3.8735293555645542,5.197315594779934,453.11
9.199997599999985,813.5514669455993,48.150635723543196,-3.865770963939595,5.236458171718955,453.11
9.299997599999985,818.36753926219,48.15064038212416,-3.85417739823626,5.260153869793659,453.11
9.399997599999985,819.9736328561744,48.15064192352873,-3.8482197557600064,5.26816864267453,453.11
9.400032000000001,819.9736330461023,48.15064192352892,-3.8482197548687185,5.268168643635932,0
