draft,vol,lcg,tcg,vcg,FSM
1.2999976000000002,0.4045944065561422,26.060021376179066,0,1.252752793707639,0
1.3999976000000003,0.8209952574418284,26.059841122376223,0,1.3035588962644902,0
1.4999976000000004,1.2483690431980734,26.059762580694514,0,1.3547564160989518,0
1.5999976000000005,1.6860293899509304,26.059640426241902,0,1.4062908609931355,0
1.6999976000000006,2.1332476617581895,26.059548121998436,0,1.4581105324031465,0
1.7999976000000006,2.589431529897056,26.059433088091936,0,1.510177215486673,0
1.8999976000000007,3.054009800771714,26.05932759868891,0,1.5624564380322843,0
1.9999976000000008,3.526869989441988,26.059240088460303,0,1.6149579745220155,0
2.099997600000001,4.00764695865936,26.059138577893876,0,1.667654613051214,0
2.199997600000001,4.495355155673868,26.059031548136897,0,1.7204638030541617,0
2.299997600000001,4.989592167416875,26.0589197030231,0,1.773371959310265,0
2.399997600000001,5.489444169712053,26.058795410365107,0,1.826313714165316,0
2.4999976000000013,5.99456855983669,26.0586794810962,0,1.8792878474692223,0
2.5999976000000014,6.5049653377907815,26.05857024879961,0,1.932320434773876,0
2.6999976000000014,7.020601635987786,26.058465117278008,0,1.9854264223994909,0
2.7999976000000015,7.540791676788918,26.058356999083884,0,2.038553302244723,0
2.8999976000000016,8.065218669902741,26.058249116314766,0,2.091691093120222,0
2.9999976000000017,8.59388261532925,26.05814158543639,0,2.144858004754498,0
3.099997600000002,9.126783513068448,26.058034495057576,0,2.1980679635160203,0
3.199997600000002,9.663921363120334,26.05792791316138,0,2.2513317229599785,0
3.299997600000002,10.205296165484908,26.057821892207944,0,2.3046576475735057,0
3.399997600000002,10.750907920162172,26.0577164728056,0,2.3580522766252843,0
3.499997600000002,11.300756627152126,26.057611686397443,0,2.4115207368432747,0
3.5999976000000022,11.854842286454765,26.05750755725812,0,2.4650670491482094,0
3.6999976000000023,12.413164898070095,26.057404103998575,0,2.518694359841111,0
3.7999976000000024,12.975724461998112,26.057301340714584,0,2.5724051170685036,0
3.8999976000000025,13.542520978238816,26.05719927787334,0,2.626201207078466,0
3.9999976000000026,14.113554446792211,26.057097923005248,0,2.6800840605430465,0
4.099997600000003,14.688824867658298,26.056997281248773,0,2.7340547363279124,0
4.199997600000002,15.268332240837063,26.05689735578349,0,2.7881139880815367,0
4.299997600000002,15.852076566328515,26.056798148177055,0,2.842262317602361,0
4.399997600000002,16.440057844132664,26.056699658665185,0,2.8965000179337617,0
4.499997600000001,17.032276074249488,26.0566018863794,0,2.9508272084082177,0
4.599997600000001,17.628731256679014,26.056504829533218,0,3.005243863329895,0
4.6999976000000006,18.22942339142123,26.056408485575396,0,3.0597498355920116,0
4.7999976,18.834352478476124,26.056312851316836,0,3.114344876232255,0
4.8999976,19.443518517843714,26.05621792303598,0,3.1690286507090333,0
4.9999975999999995,20.05692150952399,26.05612369656703,0,3.2238007525138017,0
5.099997599999999,20.67456145351695,26.056030167373933,0,3.278660714606493,0
5.199997599999999,21.29643834982261,26.055937330612657,0,3.3336080190621837,0
5.299997599999998,21.92255098215181,26.055845162092837,0,3.3886419987797316,0
5.399997599999998,22.552612532941847,26.055753059514345,0,3.4437374947931474,0
5.499997599999998,23.18638264193784,26.055661241188737,0,3.49887532128717,0
5.599997599999997,23.823894557604618,26.055570204293776,0,3.554060397922432,0
5.699997599999997,24.46548265388995,26.05548268377262,0,3.6093224427909685,0
5.799997599999997,25.110294836231066,26.0553866401888,0,3.6645894109912596,0
5.899997599999996,25.756908984374807,26.055289026080516,0,3.7197471723763003,0
5.999997599999996,26.404984553427553,26.055194556061522,0,3.7747782636120375,0
6.099997599999996,27.054521543389324,26.05510301949639,0,3.829693694816499,0
6.199997599999995,27.705519954260087,26.055014224551865,0,3.8845034813757193,0
6.299997599999995,28.357979786039884,26.054927996142432,0,3.9392167527035853,0
6.3999975999999945,29.01190103872869,26.054844174139475,0,3.993841847044751,0
6.499997599999994,29.66728371232651,26.054762611805504,0,4.048386394366429,0
6.599997599999994,30.32412780683334,26.054683174420955,0,4.102857389049089,0
6.6999975999999934,30.98258297225356,26.05460402589423,0,4.15727349377364,0
6.799997599999993,31.643447995645072,26.054522881880164,0,4.2117045573973835,0
6.899997599999993,32.30723410751982,26.054444492005658,0,4.266193300672445,0
6.999997599999992,32.973273442803446,26.054368348264877,0,4.320685620149465,0
7.099997599999992,33.64083127912683,26.054293932575366,0,4.375125355880577,0
7.199997599999992,34.30950386076146,26.054220313063162,0,4.42948489932435,0
7.299997599999991,34.97855352853227,26.054147731569568,0,4.483711444898104,0
7.399997599999991,35.64782172532769,26.054077454105354,0,4.5378004224906,0
7.499997599999991,36.31730845114776,26.054009354560723,0,4.59175966701082,0
7.59999759999999,36.98701370599245,26.053943315877856,0,4.645596450793449,0
7.69999759999999,37.656937489861775,26.05387922925302,0,4.699317533185702,0
7.7999975999999895,38.32707980275573,26.05381699342161,0,4.752929204980148,0
7.899997599999989,38.99744064467432,26.05375651401631,0,4.806437328307921,0
7.999997599999989,39.668020015617564,26.053697702989673,0,4.859847372524286,0
8.09999759999999,40.338817915585416,26.053640478093737,0,4.913164446548628,0
8.199997599999989,41.009834344577875,26.05358476241028,0,4.966393328060831,0
8.299997599999989,41.68106930259501,26.05353048392597,0,5.019538489904953,0
8.399997599999988,42.352522789636744,26.053477575147532,0,5.072604124006949,0
8.499997599999988,43.02419480570312,26.053425972752578,0,5.125594163075205,0
8.599997599999988,43.696085350794135,26.053375617272295,0,5.1785123003201505,0
8.699997599999987,44.36819442490976,26.053326452802715,0,5.231362007400654,0
8.799997599999987,45.040517487424715,26.0532784623435,0,5.284146196520107,0
8.899997599999987,45.71304141630782,26.053231802228286,0,5.336866946597668,0
8.999997599999986,46.38577904846895,26.0531865469998,0,5.389528188898409,0
9.099997599999986,46.94114395345621,26.05315020015427,0,5.4329973098203,0
9.199997599999985,47.19107579535781,26.053134122296775,0,5.452725607333515,0
9.231172800000001,47.206037694520056,26.053133165214152,0,5.453922432958925,0
