draft,vol,lcg,tcg,vcg,FSM
1.2999976000000002,5.383964524823231,24.383673318694033,0,1.2526012483789013,0
1.3999976000000003,10.831925430574609,24.383752170633247,0,1.3029931998919932,0
1.4999976000000004,16.340285089708548,24.383887881052868,0,1.3535563864266644,0
1.5999976000000005,21.905509435496434,24.38390185854644,0,1.4042723188424036,0
1.6999976000000006,27.52447151816125,24.383897918634943,0,1.4551250497754549,0
1.7999976000000006,33.19350974728529,24.383840417123903,0,1.5060957580491359,0
1.8999976000000007,38.911222185111775,24.383723802019137,0,1.5571834633327726,0
1.9999976000000008,44.67604697287468,24.383608120547454,0,1.6083825969340428,0
2.099997600000001,50.4855485354082,24.383470615271136,0,1.6596791285139467,0
2.199997600000001,56.33667036030335,24.38326562454963,0,1.7110563090058648,0
2.299997600000001,62.22817694383079,24.38299292620994,0,1.7625122085671803,0
2.399997600000001,68.15682183618125,24.382623144233076,0,1.8140281421935407,0
2.4999976000000013,74.12177057251664,24.382190062222598,0,1.8656061836123787,0
2.5999976000000014,80.12253016832318,24.381714524705842,0,1.917249165952701,0
2.6999976000000014,86.15836965829894,24.381209116245437,0,1.9689566308703117,0
2.7999976000000015,92.22749885869663,24.3806438424315,0,2.020718739778243,0
2.8999976000000016,98.32859020549661,24.380026087749304,0,2.072530196633195,0
2.9999976000000017,104.46144675776661,24.379367225077214,0,2.1243946015977477,0
3.099997600000002,110.62595446660896,24.378676253346665,0,2.176315085125965,0
3.199997600000002,116.82191464841506,24.377961446549754,0,2.2282933053739393,0
3.299997600000002,123.04932370448958,24.377226998546405,0,2.2803318791042226,0
3.399997600000002,129.30818163483252,24.37647628293729,0,2.332432856869582,0
3.499997600000002,135.59848843944386,24.3757120746603,0,2.3845978247432797,0
3.5999976000000022,141.92024411832364,24.374936675850215,0,2.436828003225006,0
3.6999976000000023,148.27344867147184,24.37415201124617,0,2.4891243221970916,0
3.7999976000000024,154.6581020988884,24.373359701409285,0,2.541487478429564,0
3.8999976000000025,161.07420440057342,24.37256111954668,0,2.5939179801926513,0
3.9999976000000026,167.5217555765268,24.371757436069792,0,2.6464161822234904,0
4.099997600000003,174.00075562674863,24.370949653868387,0,2.698982313391866,0
4.199997600000002,180.51120455123888,24.370138636481283,0,2.751616498780303,0
4.299997600000002,187.05310234999752,24.369325130778137,0,2.80431877744828,0
4.399997600000002,193.62644902302455,24.36850978536064,0,2.8570891168308767,0
4.499997600000001,200.23124457032,24.367693165596748,0,2.909927424490384,0
4.599997600000001,206.86748899188387,24.366875765985167,0,2.9628335577693097,0
4.6999976000000006,213.53518228771617,24.36605802038731,0,3.0158073317671517,0
4.7999976,220.23432445781683,24.36524031054351,0,3.0688485259688973,0
4.8999976,226.96491550218593,24.36442297320007,0,3.1219568897819276,0
4.9999975999999995,233.7269554208235,24.363606306104334,0,3.1751321471836618,0
5.099997599999999,240.52044421372938,24.362790573071937,0,3.228374000640554,0
5.199997599999999,247.34535165642347,24.36197611111105,0,3.281681901027903,0
5.299997599999998,254.20152840756958,24.36116355798261,0,3.335054400373856,0
5.399997599999998,261.0879188342572,24.360349080691833,0,3.388483189652933,0
5.499997599999998,268.0027961163394,24.359533850418767,0,3.4419554907158463,0
5.599997599999997,274.9457802979566,24.35872153223838,0,3.4954693385419713,0
5.699997599999997,281.91761262331835,24.35792133214575,0,3.5490311931252436,0
5.799997599999997,288.9139354022257,24.357111561761226,0,3.6026087673913385,0
5.899997599999996,295.9312498148084,24.356284822002667,0,3.6561783385214475,0
5.999997599999996,302.96892387043164,24.355445352360178,0,3.7097385110430205,0
6.099997599999996,310.02629606254675,24.354597080137527,0,3.763287615636878,0
6.199997599999995,317.1017588868235,24.35374598557278,0,3.816816976136785,0
6.299997599999995,324.1945486122327,24.352895927347216,0,3.870324472043735,0
6.3999975999999945,331.3040468053025,24.352049507312838,0,3.92380906297607,0
6.499997599999994,338.4293838351842,24.35120925049047,0,3.9772677410690824,0
6.599997599999994,345.56966202225794,24.35037833143893,0,4.030697398902664,0
6.6999975999999934,352.7247924247932,24.349556704111702,0,4.084100849157578,0
6.799997599999993,359.8958126368368,24.348751284726454,0,4.137488955023332,0
6.899997599999993,367.0845042700263,24.347972529416992,0,4.1908772609356095,0
6.999997599999992,374.28820469174843,24.347214950485192,0,4.24424819102841,0
7.099997599999992,381.5038620073749,24.346472950007705,0,4.297582285196337,0
7.199997599999992,388.7291850153289,24.34574445819558,0,4.3508661677572436,0
7.299997599999991,395.9604846398875,24.3450275537038,0,4.404077003461955,0
7.399997599999991,403.196819237617,24.34432430236489,0,4.457212531106929,0
7.499997599999991,410.43674740569026,24.343637791852704,0,4.510266875287175,0
7.59999759999999,417.6801060961192,24.34296756386288,0,4.563243454647263,0
7.69999759999999,424.9268953089037,24.342312801966166,0,4.6161465807526385,0
7.7999975999999895,432.177115044044,24.34167274374359,0,4.668980279548476,0
7.899997599999989,439.43076530153974,24.34104667639254,0,4.721748314596653,0
7.999997599999989,446.6878460813911,24.340433932754834,0,4.774454208080504,0
8.09999759999999,453.94835738359825,24.33983388772037,0,4.827101259823623,0
8.199997599999989,461.2122992081609,24.33924595496556,0,4.879692564538334,0
8.299997599999989,468.4796687687087,24.338669593670822,0,4.932231007384183,0
8.399997599999988,475.75010814763885,24.338105596772177,0,4.984716764560316,0
8.499997599999988,483.0233629794345,24.337554341876768,0,5.037150692018429,0
8.599997599999988,490.2988401430779,24.337016253425666,0,5.089531119341688,0
8.699997599999987,497.5760430639984,24.336491615703743,0,5.141857083418375,0
8.799997599999987,504.8546650773586,24.335980796875127,0,5.194128913971154,0
8.899997599999987,512.1345060197128,24.335484195544105,0,5.246347629453551,0
8.999997599999986,519.4155977074048,24.33500158414535,0,5.2985157913310585,0
9.099997599999986,526.2224133144672,24.333964405218126,0,5.347257369379263,0
9.199997599999985,531.7944251648299,24.331489205895778,0,5.387273749340756,0
9.299997599999985,536.1216896874363,24.327591933577697,0,5.418581359040488,0
9.399997599999985,539.2042068822864,24.322279835425732,0,5.441144067981084,0
9.499997599999984,541.5116730010342,24.3161020492612,0,5.458306055540948,0
9.599997599999984,543.8087734120514,24.309962772814995,0,5.475670439144406,0
9.699997599999984,546.1062586250338,24.30387414675586,0,5.493313158744716,0
9.799997599999983,548.4041286399814,24.29783554731605,0,5.511230819635384,0
9.899997599999983,550.7023834568944,24.2918463609282,0,5.529420082611721,0
9.999997599999983,553.0010230757725,24.28590598401766,0,5.547877662840955,0
10.099997599999982,555.3000474966161,24.28001382279987,0,5.56660032875983,0
10.199997599999982,557.5994567194249,24.274169293082704,0,5.585584900998922,0
10.299997599999982,559.899250744199,24.268371820073494,0,5.6048282513329095,0
10.399997599999981,562.1994295709383,24.262620838190802,0,5.624327301656088,0
10.49999759999998,564.4999931996429,24.256915790880587,0,5.644079022982398,0
10.59999759999998,566.8009416303126,24.251256130436843,0,5.6640804344693185,0
10.69999759999998,569.1022748629478,24.24564131782646,0,5.684328602464925,0
10.79999759999998,571.4039928975483,24.240070822518213,0,5.704820639577508,0
10.89999759999998,573.706095734114,24.234544122315828,0,5.725553703767109,0
10.999997599999979,576.0085833726449,24.22906070319493,0,5.746524997458383,0
11.099997599999979,578.3115446193747,24.22361984543851,0,5.767732584295916,0
11.199997599999978,580.6151090165513,24.2182207463749,0,5.789174962219645,0
11.299997599999978,582.9193494118343,24.21286267735146,0,5.810850172771329,0
11.399997599999978,585.2243229651042,24.20754497621527,0,5.8327561613552215,0
11.499997599999977,587.5300296763609,24.20226718776477,0,5.854890379899737,0
11.599997599999977,589.8364695456044,24.197028863617223,0,5.877250318467106,0
11.699997599999977,592.1436861482453,24.19182946200964,0,5.899833932031287,0
11.799997599999976,594.452091465164,24.18666754289153,0,5.922642848332583,0
11.8777512,596.1902146035267,24.18277569200574,0,5.939956379249155,0
