disp  kn  Tcb   VcB
0,192.34253496562496,0,0,0.11126025220918637
0,431.45759625624993,0,0,0.21509166233136465
0,683.9545542078124,0,0,0.3196218627682761
0,946.0198923766249,0,0,0.4244428769876869
0,1215.4473926049689,0,0,0.5293938180264889
0,1490.8563563725536,0,0,0.6344009714592195
0,1771.2726753905001,0,0,0.7394224424594376
0,2055.703386310688,0,0,0.8443404755348356
0,2343.4480915508816,0,0,0.9491178338761936
0,2634.0565713354436,0,0,1.053767282677631
0,2927.2929888663516,0,0,1.1583375599711743
0,3223.0057439901343,0,0,1.262868313169998
0,3520.9195732348276,0,0,1.3673430214841213
0,3828.354388303454,0,0,1.474370776121776
0,4130.224907114209,0,0,1.578758322231833
0,4434.043765986266,0,0,1.6831713764375542
0,4739.797599413155,0,0,1.7876368739232311
0,5047.307639181815,0,0,1.8921220003075438
0,5356.608177445474,0,0,1.9966622563985952
0,5667.654672487029,0,0,2.101261691063252
0,5980.580374341088,0,0,2.2059791472305053
0,6295.274555391578,0,0,2.31078713498613
0,6611.964746642693,0,0,2.4157676527875704
0,6930.661304069189,0,0,2.520924612828701
0,7251.638290956427,0,0,2.626345424929689
0,7575.119351467605,0,0,2.732091005587732
0,7901.439995746972,0,0,2.8382520619120464
0,8230.722440525402,0,0,2.9448458827315545
0,8563.331213779134,0,0,3.051962641387443
0,8899.532922761628,0,0,3.1596556065288888
0,9239.921224628182,0,0,3.268074387798712
0,9584.803945930977,0,0,3.3772684152224497
0,9934.736529634405,0,0,3.487358449983847
0,10289.794954729585,0,0,3.598306648983419
0,10648.593617234952,0,0,3.709645106024541
0,11010.680169370322,0,0,3.8212237326000404
0,11375.664169109436,0,0,3.932923254558702
0,11743.295233398549,0,0,4.044674623778339
0,12113.383497681582,0,0,4.156431837860289
0,12485.869906549966,0,0,4.268189811187373
0,12860.531066624988,0,0,4.379896085070477
0,13237.302556534392,0,0,4.491547117016566
0,13616.130187833793,0,0,4.603142306381895
0,13987.503502584435,0,0,4.711917550504271
5,12.631687585013385,6.681773255608105,6.696560864298805,0.12270937987326058
5,61.76339182010356,5.7967183374889455,5.80264802249484,0.18531357863354517
5,160.33549702209672,4.855624152786636,4.852794804229273,0.24434073091341807
5,310.2963396410015,3.9992532256398197,3.987697084177857,0.3066984680896826
5,502.6854984174368,3.2895761509828807,3.269196848524775,0.3765624895112039
5,731.3416406477659,2.676159472306518,2.6468839306818532,0.45146461789603454
5,985.2172445733497,2.182955124101622,2.144731702455753,0.5322055876480263
5,1249.735628399029,1.8460126426375818,1.7987914895728363,0.6203389019253316
5,1521.533207083015,1.6051857303993755,1.5489292102461782,0.7130988902549176
5,1799.2572275209127,1.4244769774535093,1.3591554823534906,0.8088221134748712
5,2081.925061286048,1.2846977959237997,1.2102879058975748,0.9066000519649894
5,2368.734180166767,1.1736573922853781,1.0901454749381296,1.0057885715816572
5,2659.1328694428234,1.0838485864297196,0.9912245966337504,1.1060188991119408
5,2952.7499909374214,1.0102393123995053,0.9084942380106841,1.2070595227551795
5,3249.1235233756825,0.9495801495340079,0.8387098476974074,1.3087129135111415
5,3547.91435148797,0.8994816980396829,0.779484125716203,1.4108507469271252
5,3848.8204053198187,0.8576202352809922,0.7284975095611788,1.513324016582363
5,4151.678029104432,0.822424068431751,0.6841780016068467,1.6160675847580799
5,4456.503322732273,0.7925705971650436,0.645198969107055,1.719069796239689
5,4763.183143318526,0.7673153209016336,0.6108154463337505,1.8223034621052059
5,5071.656235541899,0.7457892420806311,0.5801581931259635,1.925733414033341
5,5382.0430291309485,0.7274430537125132,0.5526722298435379,2.029400507456413
5,5694.282824910184,0.711786016113627,0.5278674070569106,2.1332765695819993
5,6008.43577456237,0.6984556206458553,0.50537832310195,2.2373788403798005
5,6324.604022987441,0.6872596461494911,0.48500875721377346,2.341744642989085
5,6642.913842430821,0.6781192292471752,0.4666754677496361,2.446420577962792
5,6963.4271836500075,0.6707065102291786,0.4500494638417741,2.5514052598323538
5,7286.401381202927,0.6648465167832831,0.4349490660216925,2.656767712288679
5,7611.971360369203,0.6605372880738778,0.4213690324718322,2.762545351515111
5,7940.409627767784,0.657576878908376,0.4091015349930804,2.8687966034664183
5,8271.754713146445,0.6558277559115493,0.3980098027510645,2.975506747423888
5,8606.383623493737,0.6550031656699606,0.3877992709372734,3.0827525481173614
5,8944.523536169787,0.6549811491494577,0.37834434033496595,3.190570288177798
5,9286.564728482846,0.6555640996385879,0.36944002156441363,3.2990357241943715
5,9633.288193169295,0.656768421615779,0.3610848126777337,3.4083542437913685
5,9985.44711700188,0.6585606490403872,0.35322987611168066,3.5187000831172095
5,10342.157803762007,0.66078102710477,0.34574519748833366,3.6297263324591285
5,10702.51649776815,0.6632981526627757,0.3385264613570115,3.7411176408558777
5,11066.078440244608,0.6661168841417342,0.3315910525940385,3.8527310424638013
5,11432.500728232419,0.6691443962254341,0.3248553256589938,3.9644575591246536
5,11801.541860870124,0.6723963974531064,0.3183405635231339,4.076234160638459
5,12173.024463157115,0.6758411582696414,0.3120186658348704,4.188017979676859
5,12546.94314732363,0.679527551627056,0.3059373176903189,4.299824727334101
5,12923.08994385494,0.6834454557409624,0.30009062000831477,4.411605695964833
5,13285.188586228236,0.6776194118528905,0.28495117222962024,4.5178040189818125
5,13616.792495441512,0.656358070787249,0.25523271820011306,4.613540972290732
5,13917.851467772472,0.6256433373391124,0.21685892044789057,4.699743443653117
10,0.2802023167576338,7.360062346001656,7.45924793022376,0.08141261755218719
10,10.64964581518128,7.099722912309516,7.179090569714294,0.1710289164969735
10,38.15963965267153,6.758206468893674,6.819046258310278,0.24622686016800333
10,86.0213564913396,6.367148275685235,6.409805113376753,0.3151343450288065
10,158.05413625764106,5.945891945411663,5.970531357290036,0.38046109114173726
10,255.35043519402643,5.5234258044818505,5.53023413818725,0.4446251625533975
10,379.26489543553447,5.092878798534479,5.082049146812122,0.5069871665090943
10,529.9726355520406,4.667165022147223,4.638806878383874,0.5691510554057913
10,704.668381512419,4.2716082392124815,4.225701585106254,0.6340668687871535
10,901.7851629985352,3.9034344332997652,3.839922477181012,0.701700463795113
10,1120.1413256795174,3.5587349763330574,3.477532731083663,0.7718697841173687
10,1357.8947924703587,3.236405631969323,3.1374494052266493,0.844357453032463
10,1612.6402516415005,2.9390361530267826,2.8222603590523816,0.9194007824211297
10,1881.1792323220545,2.672134903172553,2.537467404580177,0.9975188478998779
10,2158.2629832687517,2.4488858378608613,2.296237985569364,1.07995873858647
10,2441.579703293541,2.2644766829488048,2.0937647108166466,1.1662717425210039
10,2730.148104147577,2.11041373661895,1.921571892062587,1.2556125971191194
10,3023.1614693749175,1.9811154017397925,1.7740856704545873,1.3474490899469638
10,3319.9799124972087,1.8718442226337382,1.6465829000702996,1.4412855926840178
10,3620.041335233549,1.7792679653189585,1.5357414466200714,1.5367732944320365
10,3922.9301484216917,1.7003461901514498,1.4385324712662415,1.6335803997479312
10,4228.394503573739,1.632980198852776,1.3528566547828802,1.7315268178924081
10,4536.103464787507,1.575602508961766,1.277152219371501,1.8304430591700689
10,4845.978030904415,1.526738965313264,1.2099405869991258,1.9302252350455549
10,5157.852798908591,1.4852524899872872,1.1500869173581867,2.030761173960716
10,5471.9805632265525,1.44996560136477,1.0963967435448359,2.132044187959158
10,5788.218737423555,1.4200783964059351,1.048075938678614,2.233971536365655
10,6106.676915030106,1.3950113182354944,1.0045351530589766,2.3365480523955893
10,6427.518124815227,1.3741679002473615,0.9651685096774096,2.439774921026958
10,6750.954709476141,1.3571367048355611,0.9295523572548048,2.5436854133158833
10,7077.051776364046,1.3434693051570643,0.8972372177780402,2.648246258479014
10,7405.824340855817,1.3328121324998823,0.8678710673300882,2.753417762294698
10,7737.338911036978,1.324796246582522,0.8410845613889185,2.8591699392327943
10,8071.590332607306,1.3190963573718646,0.8165559165160738,2.9654544432164944
10,8408.878945784527,1.3154248753213027,0.7939841218238458,3.072322229628504
10,8749.312816642254,1.3135694677055412,0.7731546420853387,3.1797672127697467
10,9093.428398311527,1.3133739684201582,0.7538858434192014,3.2879201648167466
10,9441.92745920966,1.314788582069336,0.7360948344847512,3.3969644256672873
10,9795.530052657408,1.3176752106774257,0.7196139929211502,3.5070553544230005
10,10153.43218079028,1.3215090540814565,0.7039777038986185,3.617811380314902
10,10515.009059918271,1.325970375009259,0.6889078340666764,3.7289685823916607
10,10879.84697181184,1.3310607894965072,0.674428644486456,3.840398675716895
10,11247.799574744746,1.3367430874581054,0.6605106437752133,3.952054629893671
10,11617.800096689796,1.342296071975268,0.6464980833484867,4.063502172418848
10,11977.541948802775,1.339267577495149,0.6246886335683891,4.169749303832108
10,12322.742119755672,1.3268917919624457,0.5944957483232959,4.2697123565729616
10,12653.278248408356,1.3073790182965888,0.5580527912510795,4.364021051438533
10,12969.099442811988,1.2826170319933898,0.51718198574688,4.453212311820761
10,13271.237904872798,1.255230798405095,0.47438450495311774,4.538217852939114
10,13559.899535946704,1.2267157523917276,0.43110110557588704,4.619478603611193
10,13834.908039255559,1.1983238142500572,0.38855781736018674,4.697250925286158
14.999999999999998,1.0499958089564758,7.325955494889671,7.549546972223463,0.13002558456723606
14.999999999999998,11.740770020526904,7.213427413271845,7.406395038304106,0.2295007542863231
14.999999999999998,34.35423516579535,7.025958815888461,7.1905200463182615,0.31083415313783397
14.999999999999998,70.04153205041217,6.808229970687363,6.944957440114216,0.3860466170990209
14.999999999999998,120.34219034279293,6.56682688054589,6.676066742887648,0.45685044357664495
14.999999999999998,187.13311893112783,6.305653276849648,6.387699310206852,0.523955037768825
14.999999999999998,270.8055931210586,6.03863949285359,6.093765172832325,0.5892701327816386
14.999999999999998,371.1594747419164,5.7730400900373,5.801471064038704,0.653929307043665
14.999999999999998,488.85746244000376,5.505274282077132,5.507160841006641,0.7177423753627098
14.999999999999998,625.1267930287029,5.2322863617059445,5.2076830853326355,0.7806642450689065
14.999999999999998,779.9689027215665,4.959410843032708,4.908359836540783,0.8434437740526574
14.999999999999998,952.0776608756603,4.697309253198424,4.61975682000948,0.9078421160356885
14.999999999999998,1140.7865341840304,4.447343983387844,4.34319230130772,0.9742033122600716
14.999999999999998,1345.4560829996847,4.209427293350351,4.078563752206214,1.0425710009904252
14.999999999999998,1565.5504365565673,3.9823975741695747,3.8247132971822784,1.1127783202967645
14.999999999999998,1800.3226287604207,3.765169593554373,3.580593208542882,1.1845424275718315
14.999999999999998,2048.931171058471,3.5581304694539724,3.346584764788121,1.2579360809813476
14.999999999999998,2310.1258735706597,3.362373154909747,3.1237904909301633,1.333067447441621
14.999999999999998,2582.709303493754,3.178735228255873,2.9130427558541108,1.4100662381608948
14.999999999999998,2865.2336701029826,3.008073138925869,2.71521137295171,1.4889953318750557
14.999999999999998,3155.1223086422633,2.8555810534262442,2.535459605479219,1.5706538860776251
14.999999999999998,3450.573040809565,2.7220428296259467,2.374573478044983,1.6551370112332875
14.999999999999998,3750.9519305677964,2.6051740388674847,2.2302635666918658,1.742162599315796
14.999999999999998,4055.5145419293767,2.503276452879868,2.100842860910596,1.8314652090751171
14.999999999999998,4363.823199229336,2.414727897347522,1.984685018911481,1.9228468304362332
14.999999999999998,4675.470524765912,2.3379491041321043,1.8802192766628116,2.0160678110463426
14.999999999999998,4990.28430228947,2.2715625660072685,1.7860611687983707,2.110972766770175
14.999999999999998,5308.12398334031,2.2143407159161415,1.7009813408555896,2.207406756027608
14.999999999999998,5628.879641578213,2.165529328002429,1.6242151080211804,2.30530951645981
14.999999999999998,5952.555180802788,2.1242987699031177,1.5549227948925677,2.4046093060280183
14.999999999999998,6279.163029286334,2.0899842245863227,1.4924306657465236,2.505251884918775
14.999999999999998,6608.584958387811,2.0616399461218426,1.4358105584008776,2.6070471198772496
14.999999999999998,6940.770367731595,2.0384582480331455,1.3842651634614302,2.7098499491630346
14.999999999999998,7275.640908572513,2.0198768991794447,1.3372397954383137,2.813558192889626
14.999999999999998,7613.181835074663,2.0053265266518503,1.2941698025583335,2.9180792721732214
14.999999999999998,7953.65936070142,1.994387198196619,1.254614418385201,3.0234356561115896
14.999999999999998,8297.265658620021,1.9867300687200786,1.2182311759313567,3.1296348890269154
14.999999999999998,8644.424808627578,1.9820317541153127,1.1846673985858702,3.236743717707102
14.999999999999998,8995.522331336446,1.9801383440331883,1.1537417720081038,3.3448441525589083
14.999999999999998,9350.951726580135,1.980796325987287,1.1251796901671351,3.4539815402101275
14.999999999999998,9710.329979311666,1.983472282629744,1.0985000460568528,3.5638904300814738
14.999999999999998,10073.38467519932,1.9877442325048658,1.0733174188664505,3.67437882107609
14.999999999999998,10434.980104645972,1.9893542615237394,1.0459195617952832,3.7828496901258166
14.999999999999998,10788.236075410194,1.983538489990243,1.0121961943050914,3.886236595305525
14.999999999999998,11132.698735758147,1.9715914902226048,0.9733661945111237,3.984992464905576
14.999999999999998,11468.464269910004,1.954819809266826,0.9306271571377385,4.079695924707766
14.999999999999998,11796.42554874687,1.935090304368082,0.8856671517935985,4.1712599956742915
14.999999999999998,12116.443166767902,1.9133968311857363,0.8394222600399444,4.2600311372545026
14.999999999999998,12428.080342296227,1.8901164967227906,0.7922611801165033,4.346090378458975
14.999999999999998,12730.184617682227,1.8650513416625327,0.7440558572165675,4.429150770266225
14.999999999999998,13022.56490999511,1.8387799493219514,0.6953556724233543,4.509397468835129
14.999999999999998,13304.991425073753,1.8119175251750237,0.6467535011680413,4.5869948043571265
14.999999999999998,13574.990852493283,1.7835259913695967,0.5975241670495823,4.661024717507515
14.999999999999998,13830.175739254584,1.7528951782186342,0.5471566604618662,4.730650437132433
20,34.32654213290855,7.094661228741611,7.4116871694508415,0.3799585801334448
20,64.94257522286216,6.963545202256908,7.242800437011982,0.4606134487868116
20,106.47887034690672,6.80863946041138,7.05075899555589,0.5353288831684588
20,159.41391835083766,6.637031328686685,6.842607165482864,0.6054727254718246
20,225.01562085046967,6.453598556845415,6.62293002461509,0.6727091641327655
20,303.7057960799983,6.26430998709189,6.397578872124514,0.7384136139027664
20,395.06253806126574,6.0791634921193225,6.176422506693687,0.8047035974170557
20,499.44171744990683,5.8942359794785055,5.955586860588756,0.8707526733305873
20,617.1663723718128,5.709754169496427,5.735216898308281,0.9368254408466048
20,748.9141997677577,5.523065095110122,5.512671640462516,1.0024211744315037
20,895.3527029298918,5.333841016448788,5.287579997100945,1.0676011880685354
20,1056.6529256121796,5.14439370438164,5.0622176897700895,1.1328721540352602
20,1231.9413229401057,4.95975873624638,4.841603397396658,1.1991684084823764
20,1420.761149320752,4.781245259174204,4.627025745371329,1.2667771723895194
20,1622.679207583833,4.609382975397455,4.419001098042673,1.3358284920864774
20,1837.3078169160055,4.444163969222794,4.217515892949377,1.4063364861904453
20,2064.2463113483004,4.284940898594249,4.021952604346103,1.4781050911910103
20,2303.230634482784,4.131377962629274,3.8319619188305496,1.55111222167534
20,2553.731636609732,3.983393791580658,3.647482937959034,1.6252872855174003
20,2815.2631213984378,3.841446608218268,3.468949539303131,1.7007779676372734
20,3087.063949467763,3.7062001889072977,3.297024891234563,1.7777029801656283
20,3368.4996501732116,3.577727259396631,3.131787862156487,1.8560582698102792
20,3658.965661143728,3.456053035257107,2.973262887729328,1.9358504255429505
20,3957.6841510318786,3.3419590364613185,2.8222095401530116,2.0172775514305816
20,4263.099526921534,3.2377716560217213,2.680936554621685,2.1007983677860813
20,4574.106258872315,3.1446789722137902,2.550596389175616,2.1867202306565154
20,4890.402735765094,3.0619389576367544,2.4304233515177667,2.2749773193588307
20,5211.54314668377,2.9891535816927046,2.320008689390451,2.3655289078776054
20,5537.301246905977,2.9257363884569743,2.2187487671205326,2.458318789181315
20,5867.269058068024,2.8709848300572696,2.125963704270287,2.5531608068602005
20,6200.958732325415,2.8240792637730667,2.0408782238740453,2.6497885418784297
20,6538.166821375294,2.784179860218684,1.9626688030325405,2.7480091079529005
20,6878.7440505626055,2.7506922740253392,1.8907431049794639,2.847712187369298
20,7222.65445126893,2.723295531637073,1.824759531338257,2.9488978500584873
20,7569.7183621508975,2.7014640224107938,1.7642071517676414,3.0514330828850027
20,7920.116151223998,2.684731268624313,1.7085946286075802,3.155303935358411
20,8274.359070757913,2.6727060043823148,1.657473449687679,3.26059869959286
20,8632.709089922715,2.665023944518838,1.6104572403534225,3.3673138326559315
20,8992.194454430408,2.6586270463119246,1.564980417856026,3.473557096451306
20,9346.250138144827,2.647633335555458,1.5161572341530332,3.575554231337288
20,9694.468040892943,2.6325300349433682,1.4643927556610485,3.673616870337245
20,10037.392249455295,2.6145715929969326,1.4107264485964348,3.7685568655997272
20,10375.35756093844,2.59505625310209,1.3562806603939777,3.8610864026151686
20,10708.21497962533,2.5742422418463766,1.3012623232196676,3.9513919439630274
20,11034.873038622767,2.551603101331125,1.245244441763246,4.039107389695829
20,11355.04680353194,2.5274670793102674,1.1885210228247292,4.1243846949966505
20,11668.647619314814,2.5023419652415546,1.1315398950901139,4.207478137713865
20,11975.28518614049,2.47646406703958,1.074531247932414,4.288446195863394
20,12272.953397438332,2.448876390722911,1.0167768687525247,4.366464079129809
20,12560.381243190008,2.419045963041609,0.9578771508483556,4.441071388370424
20,12836.594490073703,2.38693238421921,0.8978672353539114,4.512053453068875
20,13101.134620294473,2.3529310074419403,0.8371427780837053,4.57947915319442
20,13353.729969460062,2.3174341435431263,0.7760826780439952,4.643454512423819
20,13593.910157700033,2.2808075950990485,0.7150693435695289,4.703998407674468
20,13821.476462138417,2.243426846688296,0.6544709821168088,4.761197040737017
25,145.46307046153044,6.756549703967936,7.134406980386214,0.6875734630075366
25,201.0580254905915,6.627793657442931,6.959805821812577,0.757344094769763
25,267.36167205744823,6.493821038045431,6.779960285112968,0.8260178687273815
25,344.3895895236449,6.3576616180501215,6.598030148746802,0.8939876700598425
25,432.17336327740554,6.222391730304934,6.417039514709437,0.9620475147648625
25,530.5899296731823,6.090288278973502,6.239155729843138,1.0309371267767327
25,640.188014874827,5.95854526894266,6.061576898441989,1.1000256407482412
25,760.9434830518186,5.828407888318716,5.885529881986112,1.1696284098132337
25,893.381300822273,5.69717678349785,5.708404628186806,1.2389554943968737
25,1037.943178102384,5.564128219009184,5.52948983133348,1.3078197905011457
25,1195.0538883581357,5.429235377936384,5.348733303344178,1.376269761599082
25,1364.8331170506178,5.293819903289984,5.1674219209053,1.4446729655147557
25,1546.6779445268774,5.160799913408444,4.9884506528704335,1.513725977739267
25,1740.227075558852,5.031550262335336,4.813152912389516,1.5838224663591889
25,1945.2082897619111,4.906236249552519,4.6417020894108525,1.6549817273260956
25,2161.390771868752,4.785219601479192,4.474426088876569,1.7273564838481137
25,2388.484765320277,4.66864766078784,4.31146649286855,1.800991754635716
25,2626.2556549858105,4.556015226107217,4.152353400524282,1.8756998370560625
25,2874.547393178317,4.447152272399839,3.9969043205845423,1.9514697713646225
25,3133.078903513801,4.342300162704376,3.845340404237948,2.028398410911142
25,3401.6880706777397,4.241311493890016,3.6975036639751484,2.1064757754812877
25,3679.9805106687786,4.144566292477545,3.553762771153897,2.185810466152089
25,3967.5376462685663,4.052618981921503,3.414639918100214,2.266594515522427
25,4264.180312421217,3.965534086794416,3.280167536242564,2.3489110523151773
25,4569.480407647849,3.8834677024887236,3.1505060879218516,2.432785317094507
25,4883.289866819666,3.8062043831010737,3.025430721774869,2.5181897167273046
25,5205.004276853435,3.7341331221652787,2.9053423003570003,2.6051850358049164
25,5533.4544962418795,3.6682827478059634,2.791299730759764,2.6939348554786866
25,5867.827712264852,3.6094940577371233,2.68411269987972,2.784692293477463
25,6207.606188322483,3.557432506577917,2.583474296644505,2.877323920910123
25,6552.586363269241,3.511991513263697,2.489239545273142,2.9718884470583786
25,6902.422171864257,3.473118862933969,2.401343045869486,3.068402571566547
25,7256.984631555869,3.440584372619176,2.3195305693061252,3.1668668312507777
25,7613.85229168419,3.411531100203759,2.241498854102867,3.2654604853382763
25,7968.01410119324,3.3807238052772406,2.163091478284351,3.360709375372304
25,8319.270895679332,3.3489953535861376,2.084940716590606,3.4532283120451672
25,8667.549318342948,3.3177137891555817,2.0081703948042073,3.543844311126777
25,9012.238478909641,3.287009252789021,1.9328751689839194,3.6326623214191947
25,9352.218339050365,3.2559990287298763,1.8583065113234398,3.7191988825625404
25,9687.557447357185,3.224869645414485,1.784533131513949,3.8037480100299326
25,10018.051782768971,3.1937706522594724,1.7116415506617384,3.8864780227765414
25,10343.646634264709,3.1630097199125857,1.6398522490073382,3.967644110174501
25,10663.772620593489,3.1321061609866714,1.568748932219489,4.047001615041682
25,10976.971605071632,3.1001080531748584,1.497608046519703,4.123849763393856
25,11282.370604341218,3.0665964064117137,1.4261104735822,4.197881491732969
25,11579.104798114988,3.031572657322461,1.3543216663443631,4.26895983512671
25,11866.85586023559,2.9952201555140188,1.282404416779185,4.337169527192557
25,12145.250246276571,2.9577595410746187,1.2105705648254022,4.40257835464193
25,12414.153032343578,2.919403268497765,1.1389991442013623,4.465305088585704
25,12673.239920388281,2.880374208824291,1.0679115575722065,4.5254022872859245
25,12922.43206969684,2.8409055183350063,0.9975110373082935,4.582985812278657
25,13161.457760842413,2.80121088727533,0.9280158906573348,4.638093136357404
25,13390.20883260243,2.7614791688717455,0.8596049971410504,4.690787515953388
25,13608.601042476377,2.7218898316250417,0.7924508563111959,4.741123683234776
25,13816.352180271988,2.6826993475318317,0.7268288878641115,4.789117863201142
29.999999999999996,312.5877007274012,6.468675634135771,6.89993679963553,0.986310162288607
29.999999999999996,389.8032249416068,6.371777694331522,6.746885268612221,1.0576073105886856
29.999999999999996,476.92682910854637,6.2745120054412284,6.593292234761179,1.1291068711267478
29.999999999999996,573.4695069130792,6.180602254553571,6.4429049073557,1.2017658612322184
29.999999999999996,679.6660793522204,6.088186969859539,6.293943972674126,1.2749431990555904
29.999999999999996,795.7038037363383,5.996295323788594,6.14551464190209,1.3482470491443124
29.999999999999996,921.5381647090695,5.9056052775458046,5.998257877029561,1.4219231551761793
29.999999999999996,1057.6929212235425,5.814084799780799,5.850195027812512,1.4953345772035072
29.999999999999996,1204.5731860454757,5.721557161857887,5.701089323453299,1.5685379570061821
29.999999999999996,1362.4138491263366,5.627749214703517,5.550724210912144,1.6413620773045343
29.999999999999996,1531.6197591308633,5.532787301498595,5.399159451513124,1.7139561148107467
29.999999999999996,1712.2392043021568,5.437515574473312,5.2472259857905525,1.7865691427616976
29.999999999999996,1903.8177024182944,5.343765166273563,5.096736499369271,1.8597237628488068
29.999999999999996,2106.020455993838,5.252417289335986,4.948562418847843,1.9336730448015682
29.999999999999996,2318.7300851801147,5.1636900338089236,4.802898332672518,2.0085161318411977
29.999999999999996,2541.7561535014825,5.077964857108984,4.660094842638243,2.0844086786788396
29.999999999999996,2774.978266319831,4.995254748223482,4.520153243801005,2.161374420186355
29.999999999999996,3018.310465161042,4.915821850015016,4.383281064878066,2.2395781918066087
29.999999999999996,3271.7430637465077,4.839637692062402,4.249418047310413,2.3190674235830406
29.999999999999996,3535.2518242102187,4.766748224465986,4.118577095073084,2.3999116653759573
29.999999999999996,3808.9435623013396,4.6971397362273395,3.9906964422496927,2.482190476893853
29.999999999999996,4092.3318524749434,4.6308624472103785,3.8659098301211934,2.565772651170883
29.999999999999996,4385.345286207556,4.567885723261476,3.744170761325027,2.650677455694161
29.999999999999996,4687.428344265072,4.508311003690009,3.62565068129037,2.736810816888382
29.999999999999996,4998.213966564275,4.45209271515111,3.510333952687871,2.824108672712744
29.999999999999996,5317.710331814944,4.399060582876077,3.3980209154837224,2.9125762949526357
29.999999999999996,5645.479716181563,4.349590927114058,3.2890770441299946,3.002333303786503
29.999999999999996,5981.782957414236,4.303336472336273,3.183104421476568,3.0933743608779927
29.999999999999996,6322.590485639206,4.256283400237265,3.0773299829845793,3.182474918290171
29.999999999999996,6664.799769242465,4.205989232736421,2.970037092585223,3.2677233207510863
29.999999999999996,7008.681980497615,4.155797152529174,2.8638849451672983,3.3512000729969786
29.999999999999996,7353.025162774175,4.10588253966586,2.7590829856731593,3.4328931658469752
29.999999999999996,7696.62954711283,4.056066445910182,2.6555265781709694,3.5126259375787185
29.999999999999996,8038.637258372972,4.006778292407606,2.553583597099589,3.590620053264231
29.999999999999996,8378.40436353946,3.958473351933192,2.4536157195042527,3.667159615435352
29.999999999999996,8715.433247605568,3.911610636577411,2.3559770157113644,3.7425493804782404
29.999999999999996,9049.068803751774,3.866169933967938,2.260644250103765,3.816789168917711
29.999999999999996,9378.163997432912,3.82110740490999,2.166794867850189,3.889216009123962
29.999999999999996,9701.653849474636,3.775952000075106,2.0740901958670923,3.959474401427924
29.999999999999996,10018.87442211549,3.7306457584704793,1.982489441811893,4.027519078253897
29.999999999999996,10329.07918441242,3.6852212795542423,1.8920520160940049,4.093312336670542
29.999999999999996,10632.173538850373,3.639816598922612,1.8028325057581729,4.157035700335359
29.999999999999996,10927.866509892161,3.5944232559639673,1.7148031841246982,4.21872027204307
29.999999999999996,11215.836812145277,3.5491512792916526,1.6280530246736942,4.278432002432281
29.999999999999996,11495.847896846033,3.504078868299211,1.5426384877839272,4.33622949804544
29.999999999999996,11767.64943257801,3.4592403191704424,1.4585878473827412,4.392132379371458
29.999999999999996,12031.26263359735,3.4147080483066112,1.3759257354007748,4.446242815457509
29.999999999999996,12286.51181751502,3.3705341370333692,1.2946990313685391,4.498583771226218
29.999999999999996,12533.368727317064,3.3268618748125656,1.2150151801138491,4.549255725700494
29.999999999999996,12771.514110429436,3.283802466542469,1.1370085944883768,4.598248278788592
29.999999999999996,13000.92671155672,3.2414285778115026,1.0607350386607262,4.645610175294091
29.999999999999996,13221.435440764677,3.199827639753555,0.9862938774599334,4.691344172552394
29.999999999999996,13432.922884412652,3.1590757773004627,0.9137704012968609,4.7354547931021616
29.999999999999996,13635.253508427837,3.1192867364904737,0.8432901625260152,4.777952065962873
29.999999999999996,13828.398368261282,3.0805082627074096,0.7749074811535842,4.81883739689159
35,527.568713092863,6.267831268327246,6.7347059394611275,1.3094734768231715
35,624.6306963537147,6.204367642976362,6.60324579007643,1.3865725728764509
35,730.3836640938885,6.143230479979669,6.474013434966982,1.4645461123126489
35,845.2570040578912,6.08245665150266,6.345114195550271,1.5426773676403331
35,969.1667688916893,6.022727837399502,6.2172125639508975,1.6212058183136415
35,1102.1394484870884,5.963787877161279,6.090096332284077,1.6999879263818165
35,1244.7752189247497,5.904694357028384,5.962706520057945,1.7788930244741514
35,1397.3858208927086,5.845058137548604,5.834678371685283,1.8577635936244747
35,1560.1272517112964,5.7845258049256785,5.705762926335489,1.936339028596144
35,1733.2223654726768,5.723204602199038,5.576049993791422,2.0146780402602347
35,1916.94467539728,5.661017822707972,5.445458412977847,2.0927628046627484
35,2111.3228276932477,5.598401014461996,5.314428700668783,2.170723553432463
35,2316.058690236557,5.536718919185093,5.18425151643466,2.249096388262015
35,2531.114257226065,5.476876999352038,5.055697451913816,2.328359415889303
35,2756.6081439849395,5.419474904099403,4.929226800054454,2.4089007262234827
35,2992.419491354696,5.364567339409414,4.804935220470918,2.4906790801464185
35,3238.505828214997,5.312544472673907,4.683151092453862,2.5739057395177607
35,3494.9054787192576,5.263314290189853,4.563781762306726,2.6585526065338683
35,3761.245596137376,5.21680194402694,4.446864007445802,2.7444366642167104
35,4037.6344157272865,5.172786413949697,4.3321605249863415,2.831511479186834
35,4323.776244261606,5.131150916008894,4.219634367829004,2.9196262107684556
35,4619.635348748218,5.092108567021235,4.109438297305823,3.008934251000893
35,4924.487473391251,5.055107780574692,4.00127153284438,3.09890349749656
35,5234.142766641462,5.01449764631556,3.8914253950560327,3.1849784317834833
35,5547.943935936394,4.971077688776182,3.78048665049978,3.267714992853934
35,5864.85740021131,4.924176730498312,3.6679368225126345,3.3466834799318326
35,6184.628926798185,4.874630805332739,3.554321068642996,3.4225629078892585
35,6507.216598605556,4.823169543021328,3.440078904869914,3.4959976534922474
35,6832.2705703479105,4.770709820399738,3.325896771911983,3.5676059037778964
35,7159.233843935328,4.717160521400246,3.211688800974516,3.6373514360778807
35,7487.331708976993,4.663048865956207,3.0979260130064037,3.705480742666303
35,7815.2109712352385,4.607534004519551,2.9840738943813125,3.771291211663007
35,8141.449548741253,4.550532940677041,2.8702170865130627,3.8345172627708486
35,8464.86008884916,4.492680306075355,2.7569735835909133,3.895382755331066
35,8784.299319840711,4.434172147016812,2.6445911488485976,3.953875643072823
35,9099.474414497772,4.375320844436424,2.5332500313281052,4.010283123226248
35,9409.916198782455,4.316543900478469,2.423268506137197,4.064878544606203
35,9715.200721157553,4.258135857796393,2.314865789983012,4.117862352754669
35,10015.04684627393,4.200439099387051,2.208284110457255,4.169485537358113
35,10309.086087607619,4.143575429832181,2.103613318755161,4.219832137418882
35,10597.076452016243,4.087582841751854,2.000858739218502,4.268960787100609
35,10878.630385867646,4.032598429128932,1.9001448256137798,4.316932764069847
35,11153.296893613115,3.9788137566214123,1.8016595255250918,4.3638136341481415
35,11420.950154125918,3.9263894352342104,1.7055086090720977,4.409732358691785
35,11681.264300680818,3.8753658849409316,1.6117469577052463,4.454681028940174
35,11934.320263088825,3.8256874902133244,1.5202766700772556,4.49870249979277
35,12179.942620200503,3.777432587998981,1.431169173944311,4.541831338142209
35,12417.876442114684,3.730571322161058,1.3444274687090128,4.584011207811537
35,12648.167041089153,3.6850473995121895,1.2599788650726,4.625247775700762
35,12870.67379050251,3.6408311069912185,1.177815068613852,4.6655010843297555
35,13085.259871819911,3.597969627057347,1.0979960400410416,4.704767761039821
35,13291.749285957416,3.5564636932716818,1.020555242126844,4.743001294963622
35,13490.189338077298,3.5163479708814727,0.9455126430727825,4.780233605568192
35,13680.350036441492,3.477597582590162,0.872902341744541,4.816372622383505
35,13862.306594621274,3.440258886019003,0.8027558104917429,4.851454220282407
40,790.6629536560631,6.149296995015927,6.6231259115724415,1.6734737542671534
40,907.047014783538,6.116095071573415,6.508897302426429,1.757953086196843
40,1032.2476235518711,6.0841012101550875,6.395640434249486,1.843153753210921
40,1166.1937152922987,6.053173373505659,6.283339868243199,1.9288731838105149
40,1308.9749224826012,6.023024146931527,6.171737866650172,2.0149714000069174
40,1460.9794796864414,5.992570226594999,6.059823409595391,2.1009679667763383
40,1622.4973887249857,5.961397497684518,5.947208676571857,2.1866808223218785
40,1793.7036730407553,5.929613110463896,5.833980976830573,2.272172611748451
40,1974.8010894482056,5.896991599800362,5.719961738541454,2.3573053871969227
40,2166.179172327819,5.864016740684278,5.605438371509174,2.442489247279371
40,2368.441478384986,5.83113209539203,5.490608448132916,2.5281787947813417
40,2581.640119772565,5.798405373950943,5.375645218121479,2.614272896842784
40,2805.544177865128,5.766995284205449,5.261627936728809,2.7012879765394335
40,3040.095035366728,5.737237449654662,5.1488935669409095,2.789344594496579
40,3285.119927824471,5.709250613497109,5.037629165948307,2.8784045562586122
40,3540.538163959844,5.683059417679371,4.927891770105287,2.968438224608842
40,3806.3504632491504,5.658993021675403,4.819935775395201,3.0596545034566387
40,4081.369589313436,5.635644100634365,4.71304976775229,3.1507118142681025
40,4361.460035728803,5.606764472705038,4.603572706268369,3.2362527703177064
40,4645.848088671774,5.572438360407608,4.491491105684144,3.3164244696930676
40,4934.198958925281,5.5338505414662515,4.37753321391575,3.3922022072588693
40,5226.655595812785,5.492347635994436,4.262459249472334,3.4647749588719305
40,5523.0676397535535,5.448833399152675,4.146818675010609,3.534893893873974
40,5823.375660653757,5.4040831176827755,4.031064354439475,3.6032254421314924
40,6127.3502119902705,5.358473639961495,3.915414364458046,3.6700959819536894
40,6433.528499227035,5.310836194255066,3.7992202676642712,3.7344600049096495
40,6740.685310394465,5.260789647802918,3.6823447579750392,3.795888208700388
40,7047.8118579364245,5.208328568241926,3.564870958010515,3.8542730803879484
40,7354.26411816384,5.15340977709362,3.446761801802998,3.909591619684735
40,7659.54303089893,5.096224814944845,3.3281345069165535,3.962002116392429
40,7963.0452027672645,5.037217421087181,3.209334285670761,4.011783498277786
40,8264.78595362995,4.976588329392387,3.0903835089152203,4.059221391267576
40,8564.357586675625,4.914736026535996,2.9715753440849557,4.104586347233695
40,8861.411826052265,4.851861222211346,2.8530433203761967,4.148031481129028
40,9155.741669584122,4.788337005612178,2.735030023491059,4.189848114319809
40,9446.838449523017,4.724618052840459,2.6179195363724337,4.2302858650243325
40,9734.17101822015,4.661277729280617,2.5021938631352385,4.269662301297051
40,10017.372029923716,4.598576153138169,2.3880623953728217,4.308132552044452
40,10296.097800100384,4.5366833468736125,2.275665645905939,4.345793668600494
40,10569.895447611416,4.475903233144647,2.1652777564233348,4.382791761342844
40,10838.367373544932,4.416387060914288,2.057047174001478,4.419185219550358
40,11101.408173808555,4.35833525668097,1.9510977990655696,4.455138192725328
40,11358.676642290826,4.301840240602256,1.8475326790514093,4.490671653957136
40,11610.172845710673,4.246968034916687,1.7463619314342207,4.525876258077939
40,11855.444441291464,4.193791065283003,1.6477104423692839,4.56071584588649
40,12094.136192683874,4.14250073725519,1.5517768445873297,4.595251470293267
40,12325.979599448461,4.0931549082373975,1.4586404138261027,4.629478664295202
40,12550.834966546961,4.045725155826924,1.368289556915648,4.663367026685137
40,12768.503330315865,4.000152170275491,1.2807088604895047,4.696842656809368
40,12978.852211928039,3.9564583394452444,1.1959339051480895,4.729897980690089
40,13181.908718017046,3.914511789514242,1.1138490954271019,4.762465600390239
40,13377.557107908791,3.874278913774501,1.03445403058219,4.794493710741983
40,13565.74009726439,3.8357270694590593,0.9577391208389232,4.825942957263116
40,13746.365702695843,3.7988595074925695,0.8837354248672412,4.856781383213097
40,13919.28976045735,3.763642200700448,0.8124630854235584,4.886932046503343
45,1110.8039164767422,6.114358763741157,6.550151937702461,2.0968571511950724
45,1248.7963692697385,6.109666324579203,6.4491654342555815,2.1912075435385074
45,1395.421420613588,6.105576243634647,6.34880510725458,2.285783622596514
45,1550.8138150271452,6.101750707908278,6.2487526370793836,2.380425968264136
45,1715.3648762512994,6.097524654678012,6.148340128258334,2.4748619352916337
45,1889.630330238699,6.09312714061682,6.047513476708128,2.5694695628157755
45,2074.1002141678864,6.089124499920408,5.946557236082467,2.664765214683264
45,2269.019433405606,6.085289916588404,5.845350631918261,2.7605488990932994
45,2474.6853135044917,6.081470240880259,5.74379648168712,2.8567012121341158
45,2691.0045531143833,6.077550033200867,5.6419885828847045,2.9529651000690156
45,2918.621674798529,6.073588942186651,5.539801437194773,3.0495504171248484
45,3158.552257853743,6.072830584995683,5.439274757599525,3.149004617695506
45,3405.1367484662737,6.064055046067756,5.334763954462031,3.241104934663992
45,3656.7414911093124,6.046577118335598,5.2260355524321325,3.3251158142528965
45,3913.537084253201,6.02269392185453,5.114285258387643,3.4030901679210386
45,4175.4769223192,5.9940565493600095,5.000424476652796,3.4764515890834042
45,4442.315188712325,5.961783980751779,4.885098407739349,3.5461373537784744
45,4714.236757367563,5.9274545069837,4.7691721069328645,3.613514447193012
45,4991.2221976949295,5.891702743785943,4.652954420849701,3.679171504883154
45,5272.054963369818,5.8538076998497015,4.536181556135532,3.742352684515968
45,5555.8426098307955,5.813515125882101,4.418786790598647,3.8027651454849507
45,5841.423132341192,5.770585713633856,4.3007736542529855,3.8600669248044372
45,6127.891613535327,5.724828299087923,4.18208744098377,3.914042381843668
45,6414.531500171057,5.676198001256034,4.062717322373742,3.9646388737175946
45,6701.194719750785,5.625264194822426,3.9429328308376297,4.012392085412013
45,6987.476949432842,5.572264007496802,3.822864896801999,4.057506435723432
45,7273.051736627624,5.51741271499878,3.7026172942301607,4.100182596530874
45,7557.823092867946,5.461141276759369,3.5823964921388076,4.140823567489812
45,7841.431622611825,5.403604525679734,3.4623016218025247,4.179549184114389
45,8123.474606362377,5.345153135452682,3.342587404853813,4.216600652264442
45,8403.896752657623,5.285902210420092,3.223255383945669,4.2521392114083465
45,8682.352885143488,5.2260339277734875,3.104444167683974,4.286283890395228
45,8958.56576699861,5.165745532262713,2.986288649690241,4.319178741803909
45,9232.561653246337,5.10494630699676,2.8686461436999315,4.3508381588413325
45,9504.269614281251,5.043905975564075,2.7516644506491845,4.381495787328228
45,9773.498107852394,4.9827565655275174,2.6354318906971343,4.411250022275464
45,10039.833390806125,4.921549089976877,2.520043538217431,4.440077932712832
45,10303.112638141582,4.860605023760081,2.4057195622890792,4.468213983651226
45,10562.849154078962,4.800382800973447,2.2928670130079896,4.495899448711204
45,10818.707981298405,4.7411392000902435,2.1817100897707364,4.523273268095613
45,11070.547680797214,4.6830146255600145,2.072342273734463,4.55044052252407
45,11317.944346350068,4.626183377050419,1.964960863969454,4.577450409880213
45,11560.558297307392,4.570821083191446,1.859742625526461,4.604374541503763
45,11798.04577507258,4.517093602325101,1.7568620047134353,4.631273030203462
45,12030.130925915504,4.465097615046082,1.6564292118588309,4.6581723926590985
45,12256.669936402055,4.414832573187141,1.558453605752269,4.6850624948554955
45,12477.269143870819,4.366389336460701,1.4630820038538177,4.7119250143701645
45,12691.659982926034,4.319902169794838,1.3704609082739778,4.738803328374842
45,12899.470053843717,4.275542011225371,1.2807956001060046,4.7657338986648545
45,13100.41573038503,4.233281276044474,1.1941304534019352,4.792633340520243
45,13294.510556245292,4.193041322227486,1.110395570127627,4.819460335357298
45,13481.560006160804,4.154843627978668,1.02965556790003,4.8461806403268355
45,13661.502925056586,4.118565639400032,0.9518405370826083,4.872690847680735
45,13834.372492381839,4.084130312117971,0.8768899275298553,4.89894255036644
45,14000.080379348463,4.051511473701066,0.8048195695305753,4.924882904687676
50,1506.0972891208887,6.177356297865432,6.506501404210175,2.6043630115089815
50,1669.356116499755,6.2002966595007845,6.41552522574074,2.7106476046073094
50,1842.4037607017544,6.224517067085887,6.3250979571960855,2.8181425889036893
50,2025.5618470709621,6.249138561272144,6.234612686970855,2.92620982376165
50,2219.569118209458,6.275861378761821,6.144916833798793,3.036357741818979
50,2425.00659590311,6.304685598442456,6.055948296890311,3.148638554805683
50,2639.583129968114,6.328422440947895,5.9643657163739885,3.256471711571527
50,2859.441302279753,6.339255684821706,5.8667128573749885,3.3525539850609807
50,3084.7650424131184,6.3399308570633846,5.764211825674762,3.4394439377217734
50,3315.339711596701,6.332212419628876,5.657746808772824,3.5187029896482107
50,3552.0177299712495,6.317986377615826,5.547907531523444,3.5922983077347603
50,3794.650180111273,6.298680717501881,5.435514130604282,3.6614058195546764
50,4043.1757936028794,6.275898926110136,5.321484002467549,3.7273489414704746
50,4296.828138062321,6.24938974627928,5.205820004574451,3.789797282857643
50,4554.883816925214,6.219267133141523,5.0887151081906525,3.848737679458577
50,4816.952817665266,6.186223351132209,4.970598035956678,3.90471407730378
50,5081.757420763283,6.14973888755149,4.8514256662883595,3.957084484033341
50,5348.423589203125,6.109973277941368,4.731413298994869,4.005876500516226
50,5616.2010402413,6.06714697620192,4.610761512004542,4.051209604014871
50,5884.918575268833,6.021983921408778,4.489804935773647,4.0937480415832
50,6154.096951768453,5.974923095358111,4.368819533807279,4.1338333023824765
50,6423.572746268163,5.9261985162652895,4.247854070584335,4.17172995724062
50,6692.889853274179,5.8761422385054445,4.127134369447644,4.207681984075705
50,6961.866790148335,5.8249262108943345,4.006698529766859,4.2418818769581925
50,7230.366326046984,5.772714560502385,3.8865835686159267,4.274512827549093
50,7498.044929513937,5.719678561107299,3.766904602336716,4.305701823806291
50,7764.814204502792,5.6659608890997575,3.6476856243268125,4.335614983679127
50,8030.47764239356,5.611632056771938,3.5289487843458835,4.364325768572634
50,8294.760347473835,5.5568120272243515,3.410777888230504,4.3919204577461075
50,8557.372728969463,5.501584463265582,3.2932416768790658,4.41845058477723
50,8818.210186951705,5.446215051230994,3.1764737967192658,4.444150835876679
50,9077.261428661384,5.390685339697463,3.06040433919307,4.469055784667467
50,9334.227021827644,5.335004307920876,2.9450745439028734,4.493142548600522
50,9589.057564821816,5.279308748311463,2.830534959308004,4.516547282291707
50,9841.649428221748,5.223662637270816,2.7168105717142854,4.539332535002005
50,10092.055020856338,5.1680157152701724,2.603810928682818,4.561508596184329
50,10340.149621950823,5.112505983099131,2.491625353484011,4.583180661952099
50,10585.837632134979,5.05724897811062,2.38032257046085,4.604441889037165
50,10828.949049232035,5.0022957375277155,2.269955533874973,4.62531446790115
50,11069.207054721075,4.947829175021694,2.1606956485887943,4.645893349627022
50,11306.141381142059,4.894173617062475,2.0528645529865255,4.6663320257031735
50,11539.39858721668,4.841563970142939,1.9466895373909308,4.6867464255517195
50,11768.735170779664,4.790095022175117,1.8422750502072087,4.707172643385687
50,11993.788408630404,4.739911070338802,1.7397965299173048,4.727651835429913
50,12214.269609768247,4.691169162952177,1.6394154093261153,4.7482535554966825
50,12429.878045667112,4.644026555239938,1.5413004205914256,4.769041502611235
50,12640.299208354932,4.598579031211774,1.4455871608037287,4.790026934449397
50,12845.295614499708,4.554854335808506,1.3523459869945045,4.811187032899995
50,13044.663500758914,4.512950631543041,1.2616861893315832,4.832558234683397
50,13238.087545020859,4.472985426659784,1.173768891154439,4.85415873738368
50,13425.016616467687,4.435155217618515,1.088884567036429,4.876001311804399
50,13605.275451309582,4.399480315294014,1.0070934184186742,4.8980619569025015
50,13778.793476225861,4.365886802058327,0.9283671835834547,4.920267894464565
50,13945.31442848914,4.334371237996774,0.8527883153528797,4.942545447868266
50,14104.85383497624,4.304799810194389,0.7802710854385384,4.964791871334191
55,2016.9079890953394,6.390580248501682,6.49401518618725,3.254299588195081
55,2211.391101675493,6.435751875484236,6.408016881558893,3.369660623722425
55,2410.5462622449454,6.46651727978127,6.316243354508453,3.4714787629500274
55,2614.771354230478,6.486320947731809,6.219908615320279,3.56310888811934
55,2824.141914764369,6.497417591019875,6.119893398774653,3.6466867968268857
55,3038.9162312683493,6.501584429125182,6.016807518783189,3.7239550771543315
55,3259.2607797611463,6.499836681968427,5.910965446372205,3.7959328887996944
55,3484.6935902274663,6.492039130810998,5.802357921496667,3.8624616441162867
55,3715.0842693092086,6.478943392899491,5.691319847585033,3.9242243964340524
55,3950.150790890808,6.460700710429954,5.577925747419565,3.981353596968766
55,4190.033416922605,6.437776270162512,5.462268168277511,4.034352331595045
55,4433.496209643013,6.409821213714217,5.344542166554164,4.082658142905552
55,4679.900828640676,6.377377851560098,5.225162589537647,4.126642590549069
55,4928.5861676428185,6.341231877160199,5.104678184535335,4.166880592134981
55,5179.319999591948,6.302205399900476,4.983487204875992,4.2040968979279265
55,5431.590763802192,6.260756750518647,4.861899519748036,4.2386340537041685
55,5685.291658929844,6.21744616701053,4.740133543051964,4.271023048713086
55,5939.945244077767,6.172591309901893,4.6184214898328895,4.301489076127314
55,6195.158643785234,6.126588175834047,4.497008372826454,4.330343998819344
55,6450.668921871076,6.079737319335073,4.376042124952365,4.357851142374068
55,6706.1914315080785,6.032224828617132,4.255620779724272,4.384169034746906
55,6961.387273404567,5.984223593963584,4.135859174833554,4.409428325785253
55,7216.1709613143585,5.935817221314181,4.016737610348253,4.4337448735366864
55,7470.190758986956,5.887133925629145,3.898364768099597,4.457199099729051
55,7723.329511342364,5.838181462774744,3.7807004272263485,4.479828635477035
55,7975.4382248621205,5.7889880668905995,3.6637362163905247,4.501673809974783
55,8226.378905861771,5.739675754505605,3.547519496559528,4.522850415393784
55,8475.84064506822,5.690277096147672,3.43211094151785,4.543355728765584
55,8723.861497152764,5.640774794532928,3.317424794930227,4.563228681237977
55,8970.284609620081,5.59121636793827,3.2034879035084223,4.582508483645947
55,9214.999698771428,5.541660985376732,3.090320998320308,4.6012528519670495
55,9457.81720580867,5.4921898932321795,2.977987989261926,4.619516219531163
55,9698.762085574017,5.442824396960168,2.8664484608532717,4.637352894720788
55,9937.859587705443,5.393583272328421,2.7556658888043164,4.654811373099254
55,10175.051133187784,5.344504550059243,2.6456485064722064,4.671932316547204
55,10410.121099765767,5.295686466672095,2.5364943655515715,4.688766993175569
55,10643.127144052149,5.247057068196396,2.428111977354512,4.705291624474433
55,10874.014224813307,5.198626020698288,2.3204993764704995,4.721519386726984
55,11102.526485190687,5.150544105231323,2.2138059627702513,4.7375297386961766
55,11328.629336274527,5.102794675459278,2.1080090659519852,4.7533182328739585
55,11552.060040034356,5.0554992682578295,2.0032461504417713,4.768936984762384
55,11772.618676217811,5.008757867455047,1.8996201871729226,4.784435951054322
55,11989.897107244145,4.962861184133565,1.797416149188618,4.799970484179107
55,12203.596099245573,4.917977509144471,1.6968101387674586,4.815622721188294
55,12413.386645796267,4.874209994787125,1.5979524501668672,4.8314133506157155
55,12619.086625090024,4.831678813034219,1.500952809775995,4.847412244107092
55,12820.39517006964,4.790531500985174,1.4059806094358083,4.8636809017603415
55,13016.944394617825,4.75092147202757,1.3132342901736207,4.880267656837382
55,13208.398723419634,4.712947340046604,1.2228707856887084,4.897183008504127
55,13394.633163630851,4.676650266235509,1.1349427332141013,4.914440348311962
55,13575.395098208815,4.642098270557645,1.049567458467203,4.9320405609519335
55,13750.081619064555,4.609503443633781,0.9670754297562865,4.950011164863799
55,13918.205137930225,4.579064277107321,0.8877505322938934,4.968395695036097
55,14079.650250110002,4.550716275543683,0.8115949453046393,4.9871138911717
55,14234.043127010036,4.524508842344624,0.7387780297486296,5.006107475867122
59.99999999999999,2602.4787761826,6.560766516504285,6.423087555824829,3.8673492994040632
59.99999999999999,2804.702689916231,6.5732077692813755,6.321329094967565,3.9404654954521456
59.99999999999999,3011.3904709215462,6.578859133273603,6.216891209216862,4.007288369948312
59.99999999999999,3222.524837616431,6.578582025718691,6.110042131764938,4.0686577373349975
59.99999999999999,3437.94801544173,6.572835645259371,6.000945352121867,4.125009443819536
59.99999999999999,3657.485107922412,6.5617923418698005,5.889652117130949,4.176512914631105
59.99999999999999,3880.5324874242974,6.545537318228824,5.776366318815292,4.223148816234409
59.99999999999999,4106.386610238629,6.524460909146452,5.661461421623056,4.265152248645036
59.99999999999999,4335.084344583392,6.49905357170938,5.545021554544146,4.30304097103008
59.99999999999999,4566.46308365453,6.469601034882581,5.427139732981118,4.337091212311517
59.99999999999999,4800.564939260491,6.4366573864335415,5.307972537690371,4.367852375990919
59.99999999999999,5037.159216947042,6.40065945074103,5.187748995258609,4.395696634852143
59.99999999999999,5275.9428205177555,6.362264142049539,5.066839200397841,4.4211688538453675
59.99999999999999,5516.43763237807,6.322072515009628,4.945652362160824,4.4447268141424265
59.99999999999999,5758.371673112545,6.280571984798832,4.824449411478774,4.466782685767853
59.99999999999999,6001.445683169781,6.238132632566434,4.703445779240023,4.487639422542602
59.99999999999999,6245.330726883061,6.194986980587538,4.582799421970743,4.507474321820014
59.99999999999999,6489.732167377483,6.151364888564595,4.462652733360457,4.526470591687284
59.99999999999999,6734.221288078404,6.107580509426608,4.343244046061059,4.544853383279936
59.99999999999999,6978.552034797734,6.06369830604573,4.2246117561322025,4.562674963935775
59.99999999999999,7222.433792535755,6.019785024307959,4.106817633859908,4.579976742074036
59.99999999999999,7465.665513086949,5.975938506728474,3.9899062365314775,4.596845971337854
59.99999999999999,7708.173223137573,5.932207901685855,3.873854235520315,4.61335287217528
59.99999999999999,7949.659051508922,5.888627830763477,3.7587237076066096,4.629501582101527
59.99999999999999,8189.921046305776,5.845202348241189,3.6445253646223814,4.645290598116616
59.99999999999999,8428.864859252139,5.801902757299587,3.531216585279045,4.660711391400169
59.99999999999999,8666.498382132517,5.7587167140057876,3.418730951761393,4.675788054749732
59.99999999999999,8902.599345762705,5.715659536145296,3.3071082374509397,4.690515312447947
59.99999999999999,9137.022073301985,5.6727361868443,3.196355766271624,4.704894666949841
59.99999999999999,9369.876483165426,5.629905310978714,3.0863652216756003,4.718940902059421
59.99999999999999,9601.220368483422,5.587195002135455,2.9770910162094335,4.7327127773851405
59.99999999999999,9830.971123412788,5.54460469530853,2.868529569629747,4.74621170756875
59.99999999999999,10059.01083615639,5.502219322682483,2.7607362778122093,4.759503781025739
59.99999999999999,10285.243801952029,5.460067765363117,2.653730863710559,4.772610959731879
59.99999999999999,10509.614434531522,5.4181435214144935,2.547502728892066,4.785531854906229
59.99999999999999,10732.093704479168,5.376433565243381,2.442030316541842,4.798263871722151
59.99999999999999,10952.52239058648,5.335024738890625,2.3373931024085284,4.810861401386092
59.99999999999999,11170.810833994736,5.293889357588064,2.233587360120739,4.823294627702873
59.99999999999999,11386.980377759352,5.252985749916451,2.1305622778900912,4.835544768861956
59.99999999999999,11600.928861605329,5.212397609926401,2.02837946777717,4.8476728946888805
59.99999999999999,11812.497406496626,5.172206459072528,1.9271208835801605,4.859725822003735
59.99999999999999,12021.55123419241,5.132417218552795,1.8268224382455422,4.87168849896714
59.99999999999999,12227.958603403249,5.093133187193665,1.727568121677217,4.883631713196
59.99999999999999,12431.468437664773,5.054500342441399,1.6295103269772329,4.895636040727615
59.99999999999999,12631.714180613837,5.016721842291449,1.5328737888268362,4.907806317579991
59.99999999999999,12828.321840162052,4.979929209222877,1.4378499402221543,4.920183888938668
59.99999999999999,13021.153767417572,4.944219716158821,1.344522342495425,4.932832831742701
59.99999999999999,13209.922586472845,4.909707675129107,1.2530433505286362,4.945797180022344
59.99999999999999,13394.279494158833,4.876532995927548,1.1636036989013827,4.959128367030966
59.99999999999999,13573.760782215215,4.844857940502726,1.0764517274814431,4.972870377638441
59.99999999999999,13748.236196997204,4.8147200639827155,0.9916445853242176,4.987033581748854
59.99999999999999,13917.379408438985,4.78621192899393,0.9093482207825082,5.0016290511506
59.99999999999999,14080.76617870042,4.759444100663362,0.829781048508936,5.016658353696853
59.99999999999999,14237.59645175198,4.734718606732521,0.7534127192006721,5.032199088026905
59.99999999999999,14387.502213994592,4.712117039134938,0.6804325539699136,5.048236163795244
65,3191.3312264272267,6.570693363073465,6.265735820920691,4.328197371817241
65,3397.5661770153165,6.5643187300701396,6.155778011923614,4.372437910929164
65,3606.745141108123,6.553233178502474,6.044318385885444,4.412180835306572
65,3818.7157575766496,6.537866787153279,5.9314948402214345,4.447836381761062
65,4033.464923078335,6.5184590778912535,5.81731929905763,4.479663273122373
65,4250.3797794830125,6.495765492858984,5.7023064894755375,4.508255026389722
65,4469.7519975996365,6.470167973753716,5.586381679025809,4.534067915911622
65,4691.423736675216,6.441878534328463,5.469638337449414,4.557292287325651
65,4915.330461402417,6.411195177695159,5.352163948366678,4.578216156403172
65,5141.326491182243,6.378343700449209,5.234063148636199,4.597039869153242
65,5369.633554136537,6.343433234384957,5.1152255652526994,4.613935306965618
65,5600.118749071168,6.306725878134808,4.995784500601729,4.629129503760646
65,5832.443337362513,6.268784687122935,4.876086548337141,4.643082103185457
65,6066.114081192047,6.230118916709643,4.75650974305905,4.65617872593064
65,6300.84324480104,6.191058428153967,4.637256016798875,4.66868917117306
65,6536.276776075356,6.15179277150909,4.518491786002894,4.680744982992593
65,6772.047248358679,6.11250073188114,4.40037959988214,4.692467630985651
65,7007.742431200989,6.0733366451337885,4.283085204767014,4.703950117153132
65,7243.2449754817035,6.034464102488264,4.166651938261042,4.715352735779868
65,7478.16923657945,5.995924280208191,4.051186278899711,4.726671268089404
65,7712.455671880929,5.957692824286236,3.9366312763853486,4.737905398767743
65,7945.842576569015,5.91982008525309,3.823051961531282,4.749080359112389
65,8178.063208022642,5.882394691890003,3.7105297835092554,4.760255959791024
65,8408.922352003761,5.845326521303763,3.599043968572277,4.7713424481505955
65,8638.313404233028,5.808570338758285,3.4885588324634393,4.7823065530244095
65,8866.18612734289,5.772075784681407,3.3790188137827473,4.793118617478848
65,9092.6172477471,5.735808514379837,3.270329081121742,4.803784966949698
65,9317.543813550928,5.699736332662734,3.1624590738724616,4.814284328619819
65,9540.977306361385,5.663876493781936,3.0553726302880406,4.824652602949193
65,9762.934719490404,5.628205299151832,2.94901849646734,4.834887541528356
65,9983.42937952136,5.592673400203714,2.8433402044930403,4.844961025658553
65,10202.37915544902,5.557315687997871,2.738358647711376,4.8549018106379185
65,10419.724603477187,5.522141056050606,2.63407576791645,4.864718803902505
65,10635.294641466184,5.487222625053856,2.530567964786611,4.874457059454119
65,10848.95052442445,5.452546118790865,2.427860969057845,4.884088826791187
65,11060.728919687586,5.418122080825109,2.3259208433326006,4.8936415647172105
65,11270.629701529553,5.383933943235618,2.224720298118189,4.9031097178534555
65,11478.515500120579,5.350050933200858,2.124326168475791,4.912538504239174
65,11684.275953746526,5.3164661407374645,2.0247620570177225,4.921909293472421
65,11888.024125503294,5.283139897312567,1.9259474294814358,4.931215869913325
65,12089.645903548015,5.2501234453910275,1.8279368009662453,4.9404893525578295
65,12288.951314018344,5.217507811837848,1.7308324254277958,4.9497824966362165
65,12485.807978095365,5.185285262022037,1.6346714383414127,4.959069451370907
65,12680.112010269328,5.153539258861303,1.5395182289231228,4.968412282717815
65,12871.69306482279,5.12233960484847,1.4454598740506437,4.977847404591283
65,13060.237790829395,5.09184839819256,1.3526828858578672,4.987466700539477
65,13245.297812247236,5.062225479708864,1.2614290771367473,4.997333776231811
65,13426.71709764951,5.0335632793795,1.171788127020759,5.007508798802886
65,13604.246188952997,5.00594580679622,1.083887950327164,5.018024814922343
65,13777.463875332563,4.97953552983042,0.9979642935607433,5.02895115765146
65,13945.945904974287,4.954440836083799,0.9142330739627317,5.040306735613522
65,14109.379182689132,4.930779110928071,0.8328683552998278,5.052139901968273
65,14267.43971172184,4.908622514713284,0.7540335440365614,5.064454079166773
65,14419.750023521958,4.888057647102906,0.6779257817251876,5.0772528907499295
65,14565.244173557143,4.86943802672245,0.6051648005704637,5.090637415489989
