-3.5000184000000005,0
-3.0001464,0
-2.740152,0
-2.0586192,0
-1.3670280000000001,0
-0.6757416,0
0,8.422505000000001
0.0155448,8.422505000000001
0.707136,8.422505000000001
1.3984224,9.25015
2.0897088,9.25015
2.7813000000000003,19.66874
3.4725864000000004,19.66874
4.1641776,14.702869999999999
4.8554640000000004,17.526600000000002
5.5467504000000005,17.526600000000002
6.2383416,10.7107
6.929628,10.7107
7.6209144,11.6844
8.3125056,11.6844
9.003792,29.211
9.6953832,29.211
10.3866696,48.685
11.077956,48.685
11.7695472,53.5535
12.4608336,53.5535
13.15212,58.422
13.8437112,58.422
14.5349976,66.2116
15.226588800000002,66.2116
15.9178752,72.0538
16.6091616,72.0538
17.3007528,83.7382
17.9920392,83.7382
18.6833256,83.7382
19.3749168,58.548581000000006
20.0662032,58.548581000000006
20.757794399999998,52.901120999999996
21.4490808,52.901120999999996
22.1403672,48.78237
22.8319584,48.78237
23.520501600000003,38.539046
23.5232448,38.539046
23.526292800000004,38.539046
28.0693368,28.2373
32.61481920000001,23.544066
37.160606400000006,23.544066
41.7063936,23.544066
46.251876,23.544066
50.7976632,23.544066
55.3434504,32.287892
59.8889328,23.544066
64.43472,23.544066
68.9802024,23.544066
73.5259896,23.544066
78.07177680000001,23.281167
82.61725919999999,21.061131
87.16304640000001,32.141836999999995
91.7088336,18.01345
96.254316,17.380545
98.89418880000001,15.608411000000002
99.2889048,15.608411000000002
99.2892096,15.608411000000002
99.290124,15.608411000000002
99.67234320000001,15.608411000000002
100.0557816,13.14495
100.43891520000001,13.14495
100.8223536,13.14495
101.20548720000001,13.14495
101.58892560000001,11.87914
101.9720592,11.87914
102.3554976,11.87914
102.73863120000001,12.17125
103.1220696,12.17125
103.50520320000001,12.17125
103.8886416,25.80305
104.27177520000001,25.80305
104.65521360000001,25.80305
105.0383472,23.56354
105.4217856,23.56354
105.80491920000001,23.56354
106.18805280000001,11.713611
106.57149120000001,11.713611
106.9546248,11.713611
107.33806320000001,6.62116
107.7211968,6.62116
108.1046352,6.62116
108.4877688,6.62116
108.87120720000001,6.8159
109.25434080000001,6.8159
109.63777920000001,6.8159
109.99988160000001,4.644549
110.0209128,4.644549
110.40435120000001,4.644549
110.7874848,4.644549
111.1709232,3.261895
111.5540568,3.261895
111.93749520000001,3.261895
112.3206288,1.002911
112.70406720000001,1.002911
113.0872008,1.002911
113.27892,1.002911
113.470944,0.7579944028799928
113.8540776,0.2090674001520041
