0.1,116.13494857387886,119.03832228822581,55.877300408253404,1063.0652543381632,55.864631315767184
0.2,227.97520564944034,233.67458579067633,55.863387519605304,1116.2476846920015,55.852197482304334
0.30000000000000004,344.49258273794965,353.10489730639836,55.86376986603058,1156.035876582534,55.88759003559238
0.4,464.73251697146554,476.35082989575216,55.8766129900268,1189.3456578726757,55.94439710134984
0.5,588.157198836027,602.8611288069276,55.89887180295745,1218.2500820525856,56.01748334503213
0.6,714.3802913050399,732.2397985876659,55.92606364675375,1244.1653474212694,56.08936046634386
0.7,843.0950745065461,864.1724513692096,55.95617162588546,1266.9221981759367,56.15616889107602
0.7999999999999999,974.028667375113,998.3793840594907,55.98754382036331,1287.4407920984515,56.22163722546831
0.8999999999999999,1106.9432021296304,1134.616782182871,56.01906797655976,1305.7168945669189,56.27715230835313
0.9999999999999999,1241.6321761132035,1272.6729805160335,56.049940402393396,1322.0273164173384,56.32840378162466
1.0999999999999999,1377.8920633492899,1412.339364933022,56.07985812235612,1336.4062466187254,56.37633668391161
1.2,1515.5379540347953,1553.426402885665,56.10886595209521,1349.1336284435642,56.4210517963256
1.3,1654.4226831269539,1695.7832502051276,56.136839821091165,1360.5804560743466,56.461623509058384
1.4000000000000001,1794.4148331282283,1839.2752039564339,56.16370362038483,1370.8029732903854,56.50017990961702
1.5000000000000002,1935.410707331881,1983.7959750151779,56.18967422319624,1380.1899185607779,56.539787743759135
1.6000000000000003,2077.3249081295367,2129.2580308327747,56.21489330115624,1388.7189287224453,56.57674703506112
1.7000000000000004,2220.0752273261514,2275.577108009305,56.23933889735752,1396.5508445208577,56.61352750440159
1.8000000000000005,2363.593810989906,2422.6836562646536,56.26320693078014,1403.7331206405916,56.651302533367925
1.9000000000000006,2507.8294970904526,2570.5252345177137,56.28661713407979,1410.5811581084504,56.6896579503351
2.0000000000000004,2652.7443117929574,2719.062919587781,56.309712804848054,1416.9422079141489,56.72929552929071
2.1000000000000005,2798.2967539846786,2868.2541728342953,56.33241108208643,1423.1677471825371,56.75868722672161
2.2000000000000006,2944.464293784174,3018.0759011287782,56.35450748692069,1428.8068536898998,56.795828375320816
2.3000000000000007,3091.192649572462,3168.4724658117734,56.37636613148721,1434.1345619792671,56.834461604041465
2.400000000000001,3238.448988840732,3319.41021356175,56.39814107606853,1439.1195778964388,56.875984805806844
2.500000000000001,3386.204729739699,3470.8598479831912,56.41988374363449,1443.8825270843652,56.91665849844372
2.600000000000001,3534.437451857812,3622.798388154257,56.441569166791446,1448.4461950427763,56.95701654533229
2.700000000000001,3683.1258461979696,3775.2039923529187,56.46326082200762,1452.7523245655404,57.000958274140345
2.800000000000001,3832.2401131160814,3928.0461159439833,56.48510983751644,1456.7525305598608,57.04896821496309
2.9000000000000012,3981.764926288262,4081.309049445468,56.507016020956165,1460.8515001473804,57.08561798211246
3.0000000000000013,4131.722308434176,4235.0153661450295,56.52851055807543,1465.1539610535515,57.112165243156014
3.1000000000000014,4282.121280065461,4389.174312067097,56.54942446375653,1469.4612908228517,57.135076916413745
3.2000000000000015,4432.965206376536,4543.789336535949,56.569669323861554,1473.8419867450198,57.1524609364785
3.3000000000000016,4584.260517495366,4698.86703043275,56.589104797894386,1478.2686994721316,57.16371591914717
3.4000000000000017,4736.015502964541,4854.415890538654,56.60760256920944,1482.82008012374,57.16799810710131
3.5000000000000018,4888.241568736507,5010.4476079549195,56.625059997311425,1487.458575175843,57.16770802798666
3.600000000000002,5040.945865588274,5166.96951222798,56.64143829112387,1492.1510987951217,57.163019575913786
3.700000000000002,5194.133450180366,5323.986786434874,56.65668050886433,1496.8800625596489,57.152331868067954
3.800000000000002,5347.8088071766015,5481.504027356016,56.67070902508286,1501.6695121253363,57.136779612159195
3.900000000000002,5501.977138291616,5639.526566748906,56.68350664580377,1506.5012747142343,57.11747520712842
4.000000000000002,5656.640889318706,5798.056911551674,56.69507653790229,1511.3217093425442,57.09510164986469
4.100000000000001,5811.79852066511,5957.093483681738,56.705420201090625,1516.1430091933748,57.06930628682871
4.200000000000001,5967.44739774792,6116.633582691617,56.7145075071796,1520.8968422242929,57.03790224491422
4.300000000000001,6123.585301854746,6276.674934401114,56.72230405917505,1525.7214720348354,57.00165997421292
4.4,6280.222442244309,6437.228003300416,56.72877454158761,1530.6205915417238,56.96053279941464
4.5,6437.367371307273,6598.301555589955,56.733837645941776,1535.6460607391323,56.910106992130466
4.6,6595.035139709167,6759.911018201896,56.73734951074845,1540.828401136918,56.8492692018311
4.699999999999999,6753.243895048451,6922.074992424662,56.73917098301784,1546.2243970038196,56.77878131105254
4.799999999999999,6912.020269713011,7084.820776455836,56.73915300835724,1551.8954349526375,56.69625150884287
4.899999999999999,7071.392500404148,7248.177312914251,56.73715229425333,1557.8531189706034,56.60294972053317
4.999999999999998,7231.390336904217,7412.175095326822,56.73301708924178,1564.0800242980615,56.4960676730601
5.099999999999998,7392.039168894642,7576.840148117008,56.72660756587836,1570.5997493764708,56.37787584116595
5.1999999999999975,7553.370822156823,7742.205092710743,56.71778310585884,1577.39965485087,56.24694063998296
5.299999999999997,7715.417401964393,7908.3028370135025,56.70639862587306,1584.509843861679,56.10272270639847
5.399999999999997,7878.20706153627,8075.162238074676,56.69231594252935,1591.8886845908523,55.94657471518239
5.4999999999999964,8041.766889365661,8242.811061599801,56.67544515566808,1599.5473176139492,55.777046490392834
5.599999999999996,8206.136908686303,8411.29033140346,56.655583321218366,1607.7339350118575,55.58808840157903
5.699999999999996,8371.366116765086,8580.650269684213,56.632483925701386,1616.3246484893675,55.38099970835024
5.799999999999995,8537.475633834974,8750.912524680847,56.606086515886304,1624.8460651850858,55.168833573901445
5.899999999999995,8704.512492184773,8922.125304489391,56.5762158604799,1634.5474136960872,54.92299463992935
5.999999999999995,8872.507393868811,9094.320078715531,56.54289351099098,1642.8866304180144,54.725754575140044
6.099999999999994,9041.545080038664,9267.58370703963,56.50590731093601,1653.4907126720748,54.463454634480726
6.199999999999994,9211.65290547632,9441.944228113227,56.46543836979325,1665.002579008336,54.188488284242354
6.299999999999994,9382.911133583488,9617.483911923075,56.42141371540999,1675.2723204738368,53.964252678856155
6.399999999999993,9555.401158922708,9794.286187895776,56.373738547138565,1688.7934164616445,53.64960285093312
6.499999999999993,9729.14824401271,9972.376950113026,56.322614581898414,1701.8287618716417,53.36022417071915
6.5999999999999925,9904.282720278421,10151.88978828538,56.26757418240105,1715.0212042351056,53.07520250342949
6.699999999999992,10080.635648153859,10332.651539357705,56.20990538215708,1725.7066505734767,52.8782316521811
6.799999999999992,10258.00505272866,10514.455179046876,56.15098755306696,1735.0289782264695,52.731959327047264
6.8999999999999915,10436.306368904177,10697.21402812678,56.09146303401575,1743.9163211911864,52.60635054491357
6.999999999999991,10615.487763841691,10880.874957937733,56.031727754918876,1752.2838067301082,52.49961334213848
7.099999999999991,10795.488579516432,11065.375794004342,55.972169150227955,1759.8900539186643,52.422508385819384
7.19999999999999,10976.259020836518,11250.665496357431,55.91314630933991,1767.3017485645041,52.35601602732243
7.29999999999999,11157.776696901294,11436.721114323826,55.85480327020738,1774.448130002463,52.299487369963124
7.39999999999999,11340.016129958813,11623.516533207781,55.79727344942804,1781.4126557395373,52.252248542651344
7.499999999999989,11522.958887469684,11811.032859656425,55.740690913589255,1788.2031558837828,52.21650106538457
7.599999999999989,11706.590685029892,11999.25545215564,55.68516175644791,1794.8172116480048,52.18597506489668
7.699999999999989,11890.891770572243,12188.164064836548,55.63073197513567,1801.2954059575138,52.16147713255989
7.799999999999988,12075.8525012746,12377.748813806464,55.577426641712904,1807.6698047071425,52.1401788093947
7.899999999999988,12261.459901792512,12567.996399337324,55.52525979769177,1813.9348195946393,52.12280878771675
7.999999999999988,12447.707506611665,12758.900194276956,55.47424323295628,1820.1489881955392,52.10878441154652
8.099999999999987,12634.58347304437,12950.448059870478,55.424403266866776,1826.1711682872667,52.101918107498655
8.199999999999987,12822.062550994346,13142.614114769203,55.375809911275304,1831.9021015818992,52.10117815962376
8.299999999999986,13010.114437938793,13335.367298887262,55.328507744494715,1837.3626036425783,52.10595098408853
8.399999999999986,13198.714405710207,13528.68226585296,55.282510235868116,1842.5966151315406,52.11304370593199
8.499999999999986,13387.851974728035,13722.548274096234,55.237822852181736,1847.891936486354,52.126304010131086
8.599999999999985,13577.53039161052,13916.968651400783,55.19447221242721,1853.1241285170547,52.14382135034124
8.699999999999985,13767.738000857258,14111.931450878688,55.152463237119754,1858.2304764448813,52.16413006991285
8.799999999999985,13958.462181788931,14307.423736333652,55.11179083423606,1863.1912709825222,52.187850818920275
8.899999999999984,14149.684260237907,14503.426366743854,55.072444836318766,1867.917147036683,52.21304125610957
8.999999999999984,14341.380948016333,14699.91547171674,55.03443012575521,1872.488237742152,52.24448064531289
